$ 1 0.000005 0 66 5 43 5e-11
t 16 112 48 112 0 1 -11.539813250365041 0.4369164254706171 100 default
t -64 112 -32 112 0 1 -11.607496591417124 0.3692330844185341 100 default
w 48 96 48 80 0
w -32 96 -32 80 0
r -16 0 -16 -80 0 100000
r -96 0 -96 -80 0 100000
d -96 112 -64 112 2 1N4148
d -16 112 16 112 2 1N4148
d -16 112 -16 176 2 1N4148
g -32 128 -32 144 0 0
g 48 128 48 144 0 0
w -128 176 -16 176 0
v -176 112 -176 16 0 0 40 12 0 0 0.5
g -176 112 -176 128 0 0
t -64 -96 -32 -96 0 1 -10.570407811515391 0.383881216744096 100 default
g -32 -80 -32 -64 0 0
w -32 -112 -16 -112 0
w -16 -112 -16 -80 0
r -16 -112 -16 -160 0 10000
w -96 -96 -96 -80 0
s -176 -96 -112 -96 0 1 false
w -176 16 -176 -96 0
w -176 -96 -176 -160 0
w -176 -160 -16 -160 0
w -112 -96 -96 -96 0
r -96 -96 -64 -96 0 100000
d -96 112 -96 208 2 1N4148
w -96 208 128 208 0
r 48 80 48 16 0 10000
w -16 0 -16 112 0
w -96 112 -96 0 0
w 16 16 -176 16 0
162 16 16 16 48 2 default-led 1 0 0 0.01
w 16 16 48 16 0
w 48 80 16 80 0
w 16 80 -32 80 0
r 16 48 16 80 0 1000
r 240 48 240 80 0 1000
w 240 80 192 80 0
w 272 80 240 80 0
w 240 16 272 16 0
162 240 16 240 48 2 default-led 1 0 0 0.01
w 240 16 48 16 0
w 128 112 128 0 0
w 208 0 208 112 0
r 272 80 272 16 0 10000
d 128 112 128 208 2 1N4148
r 128 -96 160 -96 0 100000
w 112 -96 128 -96 0
w 48 -160 208 -160 0
w 48 -96 48 -160 0
s 48 -96 112 -96 0 0 false
w 128 -96 128 -80 0
r 208 -112 208 -160 0 10000
w 208 -112 208 -80 0
w 192 -112 208 -112 0
g 192 -80 192 -64 0 0
t 160 -96 192 -96 0 1 0.5360140579297981 0.6041411910429446 100 default
w -16 176 208 176 0
g 272 128 272 144 0 0
g 192 128 192 144 0 0
d 208 112 208 176 2 1N4148
d 208 112 240 112 2 1N4148
d 128 112 160 112 2 1N4148
r 128 0 128 -80 0 100000
r 208 0 208 -80 0 100000
w 192 96 192 80 0
w 272 96 272 80 0
t 160 112 192 112 0 1 0.13438049548448183 0.6572145640178433 100 default
t 240 112 272 112 0 1 -0.4552393373975171 0.06759473113584435 100 default
w -16 -160 48 -160 0
w 208 -160 272 -160 0
t 464 112 496 112 0 1 -0.4552393373087599 0.06759473121982819 100 default
t 384 112 416 112 0 1 0.134380495489266 0.657214564017854 100 default
w 496 96 496 80 0
w 416 96 416 80 0
r 432 0 432 -80 0 100000
r 352 0 352 -80 0 100000
d 352 112 384 112 2 1N4148
d 432 112 464 112 2 1N4148
d 432 112 432 176 2 1N4148
g 416 128 416 144 0 0
g 496 128 496 144 0 0
w 208 176 432 176 0
t 384 -96 416 -96 0 1 0.5360140579298005 0.6041411910429447 100 default
g 416 -80 416 -64 0 0
w 416 -112 432 -112 0
w 432 -112 432 -80 0
r 432 -112 432 -160 0 10000
w 352 -96 352 -80 0
s 272 -96 336 -96 0 0 false
w 272 -96 272 -160 0
w 272 -160 432 -160 0
w 336 -96 352 -96 0
r 352 -96 384 -96 0 100000
d 352 112 352 208 2 1N4148
r 496 80 496 16 0 10000
w 432 0 432 112 0
w 352 112 352 0 0
w 464 16 272 16 0
162 464 16 464 48 2 default-led 1 0 0 0.01
w 464 16 496 16 0
w 496 80 464 80 0
w 464 80 416 80 0
r 464 48 464 80 0 1000
w 128 208 352 208 0
w 432 -160 496 -160 0
t 688 112 720 112 0 1 -0.455239337430139 0.06759473109513801 100 default
t 608 112 640 112 0 1 0.13438049549258557 0.6572145640178626 100 default
w 720 96 720 80 0
w 640 96 640 80 0
r 656 0 656 -80 0 100000
r 576 0 576 -80 0 100000
d 576 112 608 112 2 1N4148
d 656 112 688 112 2 1N4148
d 656 112 656 176 2 1N4148
g 640 128 640 144 0 0
g 720 128 720 144 0 0
w 432 176 656 176 0
t 608 -96 640 -96 0 1 0.5360140579298007 0.6041411910429446 100 default
g 640 -80 640 -64 0 0
w 640 -112 656 -112 0
w 656 -112 656 -80 0
r 656 -112 656 -160 0 10000
w 576 -96 576 -80 0
s 496 -96 560 -96 0 0 false
w 496 -96 496 -160 0
w 496 -160 656 -160 0
w 560 -96 576 -96 0
r 576 -96 608 -96 0 100000
d 576 112 576 208 2 1N4148
r 720 80 720 16 0 10000
w 656 0 656 112 0
w 576 112 576 0 0
w 688 16 496 16 0
162 688 16 688 48 2 default-led 1 0 0 0.01
w 688 16 720 16 0
w 720 80 688 80 0
w 688 80 640 80 0
r 688 48 688 80 0 1000
w 352 208 576 208 0
t -160 192 -128 192 0 1 0.5387227554665962 0.5666063987497583 100 default
g -128 208 -128 224 0 0
t -128 256 -96 256 0 1 -0.9690308548501307 0.17291027608773207 100 default
w -96 208 -96 240 0
g -96 272 -96 288 0 0
t -192 208 -160 208 0 1 -0.39369618011479945 0.1729102186349588 100 default
w -224 16 -176 16 0
r -192 256 -240 256 0 100000
s -304 208 -240 208 0 1 false
r -160 160 -224 160 0 100000
w -160 192 -160 160 0
w -224 160 -224 16 0
g -160 224 -160 240 0 0
w -192 256 -128 256 0
r -192 208 -240 208 0 100000
w -304 208 -304 160 0
w -304 160 -224 160 0
w -240 256 -240 208 0
