$ 1 0.000005 10.20027730826997 65 5 43 5e-11
t 128 208 192 208 0 1 0.5732796841404272 0.6031725993867938 100 default
r 192 192 192 80 0 10000
r 128 208 128 80 0 10000
s 80 208 128 208 0 1 false
g 80 208 80 224 0 0
w 128 80 192 80 0
v 64 80 128 80 0 0 40 5 0 0 0.5
g 64 80 64 96 0 0
t 192 192 304 192 0 1 -1.214973019078091 -0.2068805395551993 100 default
t 192 272 304 272 0 1 -0.6416933349376639 0.5702298725230416 100 default
w 192 272 128 272 0
w 128 272 128 208 0
r 304 176 304 80 0 10000
w 304 256 320 256 0
w 320 256 320 176 0
w 320 176 304 176 0
t 256 224 304 224 0 1 -0.1966582917206367 0.04011516308092925 100 default
t 256 304 304 304 0 1 0.5587569559983344 0.5916996828620866 100 default
g 304 240 336 240 0 0
g 304 320 336 320 0 0
g 192 224 192 240 0 0
r 256 224 256 80 0 10000
w 192 80 224 80 0
w 224 80 256 80 0
w 256 80 304 80 0
t 224 240 256 240 0 1 0.5515845197811574 0.5916996828620866 100 default
r 224 240 224 80 0 10000
w 224 240 224 304 0
s 160 304 224 304 0 1 false
g 160 304 160 320 0 0
g 256 256 272 256 0 0
w 256 304 224 304 0
