$ 1 0.000005 11.086722712598126 62 5 50 5e-11
t 240 128 272 128 0 1 -0.029821107889728117 -0.6030669258077095 100 default
t 272 144 304 144 0 1 0.5732458179179813 0.6030669258077095 100 default
r 304 96 304 16 0 10000
t 320 112 352 112 0 1 -4.926446151262087 0.07355373129329201 100 default
w 304 160 240 160 0
w 272 144 192 144 0
w 240 128 240 160 0
w 240 128 208 128 0
w 192 144 176 144 0
r 176 144 176 16 0 10000
r 208 128 208 16 0 10000
w 176 16 208 16 0
w 160 128 208 128 0
w 208 16 272 16 0
w 272 16 304 16 0
t 80 160 112 160 0 1 -0.6467995492112734 0 100 default
t 80 112 112 112 1 1 0.5728650676331932 0.6165976910367571 100 default
s -80 160 32 160 0 0 false
w 320 112 304 112 0
w 304 112 272 112 0
w 304 112 304 128 0
w 304 96 304 112 0
v 128 16 176 16 0 0 40 5 0 0 0.5
g 128 16 128 32 0 0
w 176 144 112 144 0
w 112 128 160 128 0
g 112 96 128 96 0 0
g 112 176 128 176 0 0
w 32 160 80 160 0
w 80 112 32 112 0
s -80 112 32 112 0 1 false
g -80 112 -96 112 0 0
g -80 160 -96 160 0 0
r 32 112 32 -32 0 10000
r 80 160 80 -32 0 10000
w 176 16 176 -32 0
w 176 -32 80 -32 0
w 80 -32 32 -32 0
r 352 96 352 16 0 10000
w 352 16 304 16 0
g 352 128 352 144 0 0
