$ 1 0.000005 6.450009306485578 50 5 50 5e-11
t 272 256 304 256 0 1 0.07350504470992925 0.0300419418743314 100 default
t 320 272 352 272 0 1 0.043463102835597844 -0.0300419418743314 100 default
t 464 272 496 272 0 1 0.6016629458115185 0.6474920084942036 100 default
t 416 256 448 256 0 1 -0.045829062682685204 -0.6474920084942036 100 default
t 368 256 400 256 0 1 0.6322651143437508 0.6723669029655248 100 default
w 304 272 320 272 0
w 448 272 464 272 0
w 304 272 256 272 0
w 272 256 272 288 0
w 272 288 352 288 0
w 304 240 352 240 0
w 352 240 352 256 0
w 352 256 368 256 0
w 448 240 496 240 0
w 496 240 496 256 0
r 496 240 496 208 0 1000
w 400 240 416 240 0
w 416 240 416 256 0
r 416 240 416 208 0 1000
r 352 240 352 208 0 1000
t 272 320 304 320 0 1 0.6321253087436487 0.6693890423486729 100 default
t 352 320 320 320 1 1 0.6322023019261501 0.6621672506179801 100 default
w 304 304 320 304 0
w 304 336 304 352 0
w 448 336 448 352 0
w 448 304 464 304 0
t 496 320 464 320 1 1 -0.07356785712752992 -0.024267426658464375 100 default
t 416 320 448 320 0 1 0.6232245818357393 0.6411528336635279 100 default
w 256 272 256 320 0
w 256 320 272 320 0
w 352 320 352 288 0
w 496 288 416 288 0
w 416 288 416 256 0
w 416 320 448 272 0
w 496 320 496 288 0
w 464 336 400 336 0
w 400 336 320 336 0
t 400 304 368 304 1 1 -4.869236833772934 0.11366964574930397 100 default
w 368 288 368 272 0
w 368 272 400 272 0
w 368 320 368 432 0
w 400 336 400 304 0
r 400 304 368 208 0 1000
w 352 208 368 208 0
w 368 208 416 208 0
w 368 288 336 368 0
w 304 352 448 352 0
w 336 368 544 368 0
w 448 352 448 432 0
w 496 208 544 208 0
v 544 352 544 208 0 0 40 5 0 0 0.5
w 544 368 544 352 0
t 496 448 448 448 0 1 0.631907987116618 0.6783489505690677 100 default
g 448 464 448 480 0 0
r 496 448 496 400 0 1000
w 496 400 592 400 0
w 592 400 592 208 0
w 592 208 544 208 0
s 496 448 576 448 0 1 false
g 576 448 576 464 0 0
w 272 256 176 256 0
w 256 272 144 272 0
r 176 256 176 192 0 1000
r 144 272 144 192 0 1000
w 144 192 176 192 0
w 176 192 176 160 0
w 176 160 592 160 0
w 592 160 592 208 0
w 496 240 656 240 0
t 656 240 688 240 0 1 -4.9016902656086225 0.08593085130445925 100 default
162 688 160 688 224 2 default-led 1 0 0 0.01
g 688 256 688 272 0 0
w 416 320 416 448 0
g 416 480 416 496 0 0
g 544 368 544 384 0 0
r 688 160 592 160 0 1000
r 464 272 464 208 0 1000
w 416 208 464 208 0
w 464 208 496 208 0
162 304 432 368 432 2 default-led 1 0 0 0.01
r 304 432 256 432 0 1000
w 256 432 112 432 0
w 112 192 144 192 0
t 224 304 144 304 0 1 -0.5483940153487867 0.16743599045233593 100 default
t 224 336 176 336 0 1 -0.5773068562232408 0.1685650914522132 100 default
w 176 320 176 256 0
w 144 288 144 272 0
g 144 320 144 336 0 0
g 176 352 176 368 0 0
t 368 464 416 464 0 1 -0.5212640527940788 0.1663297443218988 100 default
s 272 464 368 464 0 1 false
r 272 464 112 464 0 1000
w 112 464 112 432 0
s 224 336 224 400 0 1 false
s 240 304 240 416 0 1 false
w 224 304 240 304 0
r 224 400 112 400 0 1000
r 240 416 112 416 0 1000
w 112 416 112 432 0
w 112 416 112 400 0
w 112 400 112 192 0
