$ 1 0.000005 11.086722712598126 59 5 50 5e-11
t 240 128 272 128 0 1 0.07284647948462908 0.029336214990192788 100 default
t 272 144 304 144 0 1 0.04351026449443629 -0.029336214990192788 100 default
w 272 112 304 112 0
w 304 112 304 128 0
r 304 96 304 16 0 10000
r 448 96 448 16 0 10000
w 448 112 448 128 0
w 416 112 448 112 0
t 416 144 448 144 0 1 0.569390756353233 0.612420277865657 100 default
t 384 128 416 128 0 1 -0.04302952151242397 -0.612420277865657 100 default
t 304 112 352 112 0 1 0.5977181625460566 0.6369020364487027 100 default
r 352 96 352 16 0 10000
w 304 96 304 112 0
g 352 128 352 144 0 0
w 352 96 384 96 0
w 384 96 384 128 0
w 448 112 448 96 0
w 304 160 240 160 0
w 272 144 224 144 0
w 240 128 240 160 0
w 240 128 208 128 0
w 224 144 224 224 0
w 240 160 240 192 0
w 224 144 176 144 0
w 416 144 416 176 0
w 384 128 384 160 0
w 384 160 448 160 0
w 448 16 352 16 0
w 352 16 304 16 0
r 176 144 176 16 0 10000
r 208 128 208 16 0 10000
w 176 16 208 16 0
w 160 128 208 128 0
v 112 144 48 144 0 0 40 12 0 0 0.5
w 48 144 48 16 0
w 48 16 176 16 0
w 48 144 48 272 0
w 112 160 112 144 0
w 176 144 176 160 0
w 176 160 160 160 0
g 112 160 112 176 0 0
r 480 272 480 208 0 10000
w 480 208 480 176 0
s 480 208 528 208 0 1 false
g 528 208 528 224 0 0
w 480 272 384 272 0
w 448 112 528 112 0
w 384 272 368 272 0
w 368 272 288 272 0
w 480 176 416 176 0
w 528 112 528 -80 0
162 528 -80 528 -144 2 default-led 1 0 0 0.001
g 528 -144 528 -176 0 0
w 288 272 224 272 0
t 240 192 272 192 0 1 0.5979164831827518 0.6270584903859555 100 default
t 240 224 272 224 0 1 0.5977222753957627 0.6344201184443339 100 default
w 224 224 240 224 0
t 384 192 352 192 0 1 -0.07264815884793382 -0.024736560430974296 100 default
t 416 224 352 224 0 1 0.5876837174346826 0.605611969269498 100 default
w 208 16 272 16 0
w 272 16 304 16 0
w 352 176 336 176 0
w 272 176 304 176 0
w 304 176 336 176 0
w 512 400 512 304 0
w 304 176 304 320 0
w 304 320 224 320 0
r 224 320 224 272 0 10000
t 304 320 352 320 0 1 -0.5397721184744407 0.11183203275057998 100 default
w 512 304 352 304 0
g 352 336 352 352 0 0
r 688 320 688 272 0 10000
w 768 320 688 320 0
w 768 176 768 320 0
w 768 176 800 176 0
w 736 176 768 176 0
w 816 176 800 176 0
w 736 16 768 16 0
w 672 16 736 16 0
w 880 224 848 224 0
t 848 224 816 224 0 1 0.5876837177189074 0.6056119695537225 100 default
t 848 192 816 192 0 1 -0.07264815533105698 -0.024736559695293273 100 default
w 688 224 704 224 0
t 704 224 736 224 0 1 0.5977222754478889 0.6344201172966271 100 default
t 704 192 736 192 0 1 0.5979164832382233 0.6270584888600641 100 default
w 752 272 688 272 0
w 992 112 992 -80 0
w 944 176 880 176 0
w 832 272 752 272 0
w 848 272 832 272 0
w 912 112 992 112 0
w 944 272 848 272 0
w 944 208 944 176 0
r 944 272 944 208 0 10000
w 640 160 624 160 0
w 640 144 640 160 0
w 624 128 672 128 0
w 640 16 672 16 0
r 672 128 672 16 0 10000
r 640 144 640 16 0 10000
w 816 16 768 16 0
w 912 16 816 16 0
w 848 160 912 160 0
w 848 128 848 160 0
w 880 144 880 176 0
w 688 144 640 144 0
w 704 160 704 192 0
w 688 144 688 224 0
w 704 128 672 128 0
w 704 128 704 160 0
w 736 144 688 144 0
w 768 160 704 160 0
w 912 112 912 96 0
w 848 96 848 128 0
w 816 96 848 96 0
g 816 128 816 144 0 0
w 768 96 768 112 0
r 816 96 816 16 0 10000
t 768 112 816 112 0 1 0.5977181625502517 0.6369020363610718 100 default
t 848 128 880 128 0 1 -0.043029522250149194 -0.6124202774142007 100 default
t 880 144 912 144 0 1 0.5693907551640515 0.6124202774142007 100 default
w 880 112 912 112 0
w 912 112 912 128 0
r 912 96 912 16 0 10000
r 768 96 768 16 0 10000
w 768 112 768 128 0
w 736 112 768 112 0
t 736 144 768 144 0 1 0.04351026260685342 -0.029336213412175183 100 default
t 704 128 736 128 0 1 0.0728464760190286 0.029336213412175183 100 default
w 448 16 640 16 0
g 992 -144 992 -176 0 0
162 992 -80 992 -144 2 default-led 1 0 0 0.001
w 512 400 976 400 0
w 944 176 976 176 0
w 976 176 976 400 0
w 880 224 880 176 0
w 848 160 848 192 0
w 272 240 352 240 0
w 816 240 736 240 0
w 736 240 640 240 0
w 560 272 480 272 0
w 560 272 688 272 0
w 272 240 192 240 0
g 160 240 160 256 0 0
w 48 272 112 272 0
w 112 272 224 272 0
w 384 192 384 160 0
w 416 224 416 176 0
162 1088 -80 1088 -144 2 default-led 1 0 0 0.001
g 1088 -144 1088 -176 0 0
w 1088 320 1088 -80 0
w 768 320 1088 320 0
g 608 240 608 256 0 0
t 624 208 624 240 0 1 0.5973667711427181 0.6433589528140162 100 default
t 176 208 176 240 0 1 0.5973667710946984 0.6433589535935035 100 default
w 624 208 560 208 0
w 112 208 176 208 0
r 112 208 112 272 0 10000
r 560 208 560 272 0 10000
w 160 128 -96 -96 0
w 160 160 -64 -32 0
w 624 128 368 -112 0
w 624 160 400 -48 0
t -96 -16 -64 -16 0 1 -0.680412300943139 0 100 default
t -128 -80 -96 -80 0 1 -0.7097485159333318 0 100 default
t 336 -96 368 -96 0 1 -0.7097485123801004 0 100 default
t 368 -32 400 -32 0 1 -0.6804122989679252 0 100 default
g 368 -80 368 -64 0 0
g 400 -16 400 0 0 0
g -64 0 -64 16 0 0
g -96 -64 -96 -48 0 0
s -208 -80 -128 -80 0 0 false
s -208 -16 -96 -16 0 0 false
s 256 -96 336 -96 0 0 false
s 256 -32 368 -32 0 0 false
r 336 -96 336 -176 0 10000
r 368 -32 368 -176 0 10000
r -128 -80 -128 -144 0 10000
r -96 -16 -96 -144 0 10000
w -128 -144 -96 -144 0
w 288 -144 288 -176 0
w 288 -176 336 -176 0
w 336 -176 368 -176 0
w -96 -144 48 -144 0
w 48 -144 288 -144 0
w 48 -144 48 16 0
g -208 -80 -224 -80 0 0
g -208 -16 -224 -16 0 0
g 256 -96 240 -96 0 0
g 256 -32 240 -32 0 0
o 69 64 0 4099 1.25 0.0125 0 2 69 3
