$ 1 0.000005 0.14549914146182014 72 5 50 5e-11
t 240 128 272 128 0 1 0.32128962540390993 -1.1102230246251565e-16 100 default
t 272 144 304 144 0 1 0.32128962540391004 1.1102230246251565e-16 100 default
w 272 112 304 112 0
w 304 112 304 128 0
r 304 96 304 16 0 100000
r 448 96 448 16 0 100000
w 448 112 448 128 0
w 416 112 448 112 0
t 416 144 448 144 0 1 0.5385366666602976 0.5676470371917319 100 default
t 384 128 416 128 0 1 -0.029110370531434233 -0.5676470371917319 100 default
t 304 112 352 112 0 1 0.5381388603838639 0.5810187513620132 100 default
r 352 96 352 16 0 100000
w 304 96 304 112 0
g 352 128 352 144 0 0
w 352 96 384 96 0
w 384 96 384 128 0
w 448 112 448 96 0
w 304 160 240 160 0
w 272 144 224 144 0
w 240 128 240 160 0
w 240 128 208 128 0
w 224 144 224 208 0
w 240 160 240 176 0
w 224 144 176 144 0
w 416 144 416 176 0
w 384 128 384 160 0
w 384 160 384 176 0
w 384 160 448 160 0
w 448 16 352 16 0
w 352 16 304 16 0
r 176 144 176 16 0 100000
r 208 128 208 16 0 100000
w 176 16 208 16 0
w 208 16 304 16 0
s 112 160 160 160 0 1 false
s 112 128 160 128 0 1 false
w 160 128 208 128 0
w 112 128 112 144 0
v 112 144 48 144 0 0 40 12 0 0 0.5
w 48 144 48 16 0
w 48 16 176 16 0
w 48 144 48 272 0
w 48 272 288 272 0
w 112 160 112 144 0
w 176 144 176 160 0
w 176 160 160 160 0
g 112 160 112 176 0 0
r 480 272 480 208 0 100000
w 480 208 480 176 0
s 480 208 528 208 0 1 false
g 528 208 528 224 0 0
w 480 272 448 272 0
w 448 112 528 112 0
w 448 272 368 272 0
w 368 272 288 272 0
w 480 176 416 176 0
w 832 320 880 320 0
r 832 320 832 272 0 100000
w 832 272 752 272 0
t 784 336 832 336 0 1 0.5559244273368967 0.580181768980815 100 default
g 832 352 832 368 0 0
w 480 272 752 272 0
w 448 16 640 16 0
w 672 16 768 16 0
w 640 16 672 16 0
w 816 16 768 16 0
w 912 16 816 16 0
w 576 160 576 144 0
w 576 128 576 144 0
w 528 112 528 -80 0
w 992 112 992 -80 0
162 528 -80 528 -144 2 default-led 1 0 0 0.001
g 528 -144 528 -176 0 0
g 992 -144 992 -176 0 0
162 992 -80 992 -144 2 default-led 1 0 0 0.001
162 1088 320 1088 256 2 default-led 1 0 0 0.001
g 1088 256 1088 224 0 0
w 880 320 1088 320 0
d 224 208 320 208 2 default
d 384 176 320 176 2 default
d 416 208 320 208 2 default
w 416 208 416 176 0
w 320 176 320 208 0
w 784 176 784 208 0
w 880 208 880 176 0
d 880 208 784 208 2 default
d 848 176 784 176 2 default
d 688 208 784 208 2 default
d 704 176 784 176 2 default
w 944 176 880 176 0
w 912 112 992 112 0
w 640 160 624 160 0
w 640 144 640 160 0
w 624 128 672 128 0
s 576 128 624 128 0 1 false
s 576 160 624 160 0 1 false
r 672 128 672 16 0 100000
r 640 144 640 16 0 100000
w 848 160 912 160 0
w 848 160 848 176 0
w 848 128 848 160 0
w 784 208 784 336 0
w 880 144 880 176 0
w 688 144 640 144 0
w 704 160 704 176 0
w 688 144 688 208 0
w 704 128 672 128 0
w 704 128 704 160 0
w 736 144 688 144 0
w 768 160 704 160 0
w 912 112 912 96 0
w 848 96 848 128 0
w 816 96 848 96 0
g 816 128 816 144 0 0
w 768 96 768 112 0
r 816 96 816 16 0 100000
t 768 112 816 112 0 1 0.5381533112274884 0.5810281686827661 100 default
t 848 128 880 128 0 1 -0.02910344412476576 -0.5676598748294216 100 default
t 880 144 912 144 0 1 0.5385564307046559 0.5676598748294216 100 default
w 880 112 912 112 0
w 912 112 912 128 0
r 912 96 912 16 0 100000
r 768 96 768 16 0 100000
w 768 112 768 128 0
w 736 112 768 112 0
t 736 144 768 144 0 1 0.33397818686267744 -1.1102230246251565e-16 100 default
t 704 128 736 128 0 1 0.33397818686267755 1.1102230246251565e-16 100 default
g 576 160 576 176 0 0
w 944 400 944 176 0
t 320 336 368 336 0 1 0.3698981921838769 0.5674099794085666 100 default
r 368 272 368 320 0 100000
g 368 352 368 368 0 0
w 368 320 400 320 0
w 400 320 400 336 0
t 400 336 448 336 0 1 -0.41302294506000947 0.19751178722468973 100 default
r 448 272 448 320 0 100000
g 448 352 448 368 0 0
w 448 320 560 320 0
w 560 320 560 400 0
w 560 400 944 400 0
d 240 176 320 176 2 default
d 320 320 368 320 2 default
w 320 320 320 336 0
w 320 320 320 208 0
o 52 1 0 4107 2.5 0.0001953125 0 2 52 3
