$ 1 0.000005 0.10425469051899915 50 5 50 5e-11
t 240 128 272 128 0 1 -0.5705522185856514 0 100 default
t 272 144 304 144 0 1 -0.5705522185856514 0 100 default
w 272 112 304 112 0
w 304 112 304 128 0
r 304 96 304 16 0 100000
r 448 96 448 16 0 100000
w 448 112 448 128 0
w 416 112 448 112 0
t 416 144 448 144 0 1 -1.3457838476317374 -0.03196426249079711 100 default
t 384 128 416 128 0 1 -1.3138195851409402 0.03196426249079711 100 default
t 304 112 352 112 0 1 0.5385879560948543 0.5705522185856514 100 default
r 352 96 352 16 0 100000
w 304 96 304 112 0
g 352 128 352 144 0 0
w 352 96 384 96 0
w 384 96 384 128 0
w 448 112 448 96 0
w 304 160 240 160 0
w 272 144 224 144 0
w 240 128 240 160 0
w 240 128 208 128 0
w 224 144 224 192 0
w 240 160 240 176 0
d 288 176 240 176 2 1N4148
d 288 192 224 192 2 1N4148
w 224 144 176 144 0
w 288 176 288 192 0
r 288 208 288 272 0 100000
w 416 144 416 176 0
d 384 208 384 176 2 1N4148
d 416 208 416 176 2 1N4148
w 416 208 384 208 0
r 384 208 384 272 0 100000
w 288 208 288 192 0
d 384 208 336 208 2 1N4148
d 288 208 336 208 2 1N4148
w 336 208 336 336 0
w 384 128 384 160 0
w 384 160 384 176 0
w 384 160 448 160 0
w 448 16 352 16 0
w 352 16 304 16 0
r 176 144 176 16 0 100000
r 208 128 208 16 0 100000
w 176 16 208 16 0
w 208 16 304 16 0
s 112 160 160 160 0 0 false
s 112 128 160 128 0 0 false
w 160 128 208 128 0
w 112 128 112 144 0
v 112 144 48 144 0 0 40 12 0 0 0.5
w 48 144 48 16 0
w 48 16 176 16 0
w 48 144 48 272 0
w 48 272 288 272 0
w 112 160 112 144 0
w 176 144 176 160 0
w 176 160 160 160 0
g 112 160 112 176 0 0
r 480 272 480 208 0 100000
w 480 208 480 176 0
s 480 208 528 208 0 0 false
g 528 208 528 224 0 0
w 480 272 384 272 0
w 448 112 528 112 0
g 384 352 384 368 0 0
t 336 336 384 336 0 1 -0.14490145681684197 0.4266260079601739 100 default
w 384 272 368 272 0
w 368 272 288 272 0
w 384 320 432 320 0
w 480 176 416 176 0
w 944 176 880 176 0
w 832 320 880 320 0
r 832 320 832 272 0 100000
w 832 272 752 272 0
w 848 272 832 272 0
t 800 336 832 336 0 1 -0.912110437015363 0.4320476468658643 100 default
g 832 352 832 368 0 0
w 912 112 992 112 0
w 944 208 944 176 0
w 640 160 624 160 0
w 640 144 640 160 0
w 480 272 752 272 0
w 448 16 640 16 0
w 624 128 672 128 0
w 672 16 768 16 0
w 640 16 672 16 0
r 672 128 672 16 0 100000
r 640 144 640 16 0 100000
w 816 16 768 16 0
w 912 16 816 16 0
w 848 160 912 160 0
w 848 160 848 176 0
w 848 128 848 160 0
w 800 208 800 336 0
d 752 208 800 208 2 1N4148
d 848 208 800 208 2 1N4148
w 752 208 752 192 0
r 848 208 848 272 0 100000
w 880 208 848 208 0
d 880 208 880 176 2 1N4148
d 848 208 848 176 2 1N4148
w 880 144 880 176 0
r 752 208 752 272 0 100000
w 752 176 752 192 0
w 688 144 640 144 0
d 752 192 688 192 2 1N4148
d 752 176 704 176 2 1N4148
w 704 160 704 176 0
w 688 144 688 192 0
w 704 128 672 128 0
w 704 128 704 160 0
w 736 144 688 144 0
w 768 160 704 160 0
w 912 112 912 96 0
w 848 96 848 128 0
w 816 96 848 96 0
g 816 128 816 144 0 0
w 768 96 768 112 0
r 816 96 816 16 0 100000
t 768 112 816 112 0 1 0.5385439205769675 0.5717241229503135 100 default
t 848 128 880 128 0 1 -1.3126036454757914 -0.00013959140458233432 100 default
t 880 144 912 144 0 1 -1.3124640540712091 0.00013959140458233432 100 default
w 880 112 912 112 0
w 912 112 912 128 0
r 912 96 912 16 0 100000
r 768 96 768 16 0 100000
w 768 112 768 128 0
w 736 112 768 112 0
t 736 144 768 144 0 1 -0.5717241229503135 0 100 default
t 704 128 736 128 0 1 -0.5717241229503135 0 100 default
g 576 160 576 176 0 0
w 576 160 576 144 0
w 576 128 576 144 0
s 576 128 624 128 0 0 false
s 576 160 624 160 0 0 false
w 528 112 528 -80 0
w 992 112 992 -80 0
w 944 208 992 208 0
w 992 208 992 400 0
w 992 400 512 400 0
162 528 -80 528 -144 2 default-led 1 0 0 0.001
g 528 -144 528 -176 0 0
g 992 -144 992 -176 0 0
162 992 -80 992 -144 2 default-led 1 0 0 0.001
162 1088 320 1088 256 2 default-led 1 0 0 0.001
g 1088 256 1088 224 0 0
w 880 320 1088 320 0
w 848 272 944 272 0
r 944 208 944 272 0 100000
r 384 272 384 320 0 100000
t 432 320 464 320 0 1 0.5382076709990876 0.5715274647770159 100 default
g 464 336 464 352 0 0
w 512 400 512 304 0
w 512 304 464 304 0
o 69 1 0 4107 0.625 0.0001953125 0 2 69 3
o 64 1 0 4107 2.5 0.000390625 1 2 64 3
