$ 1 0.000005 11.086722712598126 59 5 50 5e-11
t 240 128 272 128 0 1 0.029693341830631437 -0.5676580654763168 100 default
t 272 144 304 144 0 1 0.5973514073069482 0.5676580654763168 100 default
r 304 96 304 16 0 10000
r 448 96 448 16 0 10000
w 448 112 448 128 0
w 416 112 448 112 0
t 416 144 448 144 0 1 0.5980357998064398 0.6271757712675065 100 default
t 384 128 416 128 0 1 -0.02913997146106662 -0.6271757712675065 100 default
t 320 112 352 112 0 1 0.6226133893243265 0.6530100387332264 100 default
r 384 96 384 16 0 10000
g 352 128 352 144 0 0
w 352 96 384 96 0
w 384 96 384 128 0
w 448 112 448 96 0
w 304 160 240 160 0
w 272 144 192 144 0
w 240 128 240 160 0
w 240 128 208 128 0
w 192 144 176 144 0
w 416 144 416 176 0
w 384 128 384 160 0
w 384 160 448 160 0
w 448 16 384 16 0
w 384 16 304 16 0
r 176 144 176 16 0 10000
r 208 128 208 16 0 10000
w 176 16 208 16 0
w 160 128 208 128 0
v 112 144 48 144 0 0 40 12 0 0 0.5
w 48 144 48 16 0
w 48 16 176 16 0
w 48 144 48 272 0
w 112 160 112 144 0
w 176 144 176 160 0
w 176 160 160 160 0
g 112 160 112 176 0 0
r 480 272 480 208 0 10000
w 480 208 480 176 0
s 480 208 528 208 0 1 false
g 528 208 528 224 0 0
w 480 272 416 272 0
w 416 272 336 272 0
w 480 176 416 176 0
w 336 272 224 272 0
w 208 16 272 16 0
w 272 16 304 16 0
w 48 272 128 272 0
w 128 272 224 272 0
w 160 128 -96 -96 0
w 160 160 -64 -32 0
w 624 128 368 -112 0
w 624 160 400 -48 0
t -96 -16 -64 -16 0 1 -1.2503614460401746 0 100 default
t -128 -80 -96 -80 0 1 -0.6827033805638578 0 100 default
t 336 -96 368 -96 0 1 -0.6827033807686712 0 100 default
t 368 -32 400 -32 0 1 -1.2503614460322232 0 100 default
g 368 -80 368 -64 0 0
g 400 -16 400 0 0 0
g -64 0 -64 16 0 0
g -96 -64 -96 -48 0 0
s -208 -80 -128 -80 0 0 false
s -208 -16 -96 -16 0 0 false
s 256 -96 336 -96 0 0 false
s 256 -32 368 -32 0 0 false
r 336 -96 336 -176 0 10000
r 368 -32 368 -176 0 10000
r -128 -80 -128 -176 0 10000
r -96 -16 -96 -176 0 10000
w -128 -176 -96 -176 0
w 288 -176 336 -176 0
w 336 -176 368 -176 0
w -96 -176 48 -176 0
w 48 -176 288 -176 0
w 48 -176 48 16 0
g -208 -80 -224 -80 0 0
g -208 -16 -224 -16 0 0
g 256 -96 240 -96 0 0
g 256 -32 240 -32 0 0
w 320 112 304 112 0
w 304 112 272 112 0
w 304 112 304 128 0
w 304 96 304 112 0
t 320 336 368 336 0 1 -0.5456748922969734 0.1118975282122779 100 default
g 368 352 368 368 0 0
w 352 240 272 240 0
t 240 224 272 224 0 1 0.5708058523515799 0.61292640649558 100 default
t 384 224 352 224 0 1 -0.08150087880337799 -0.03938032465937795 100 default
w 240 224 240 160 0
w 384 224 384 160 0
w 352 208 320 208 0
w 320 208 272 208 0
w 320 208 320 336 0
r 320 336 224 336 0 10000
w 224 336 224 272 0
t 448 112 496 112 0 1 -11.917540849284745 0.05953662086996653 100 default
g 496 128 496 144 0 0
162 496 64 496 96 2 default-led 1 0 0 0.01
w 496 16 448 16 0
r 496 64 496 16 0 5000
w 464 384 464 320 0
w 464 320 368 320 0
r 128 208 128 272 0 80000
w 192 208 128 208 0
t 192 208 192 240 0 1 0.541561880177058 0.6113388542453358 100 default
g 176 240 176 256 0 0
w 208 240 272 240 0
w 672 240 736 240 0
g 640 240 640 256 0 0
t 656 208 656 240 0 1 0.5415618801595746 0.6113388543610473 100 default
w 656 208 592 208 0
r 592 208 592 272 0 80000
w 976 304 784 304 0
r 960 64 960 16 0 5000
w 960 16 1008 16 0
w 960 16 912 16 0
162 960 64 960 96 2 default-led 1 0 0 0.01
g 960 128 960 144 0 0
t 912 112 960 112 0 1 -11.917537776920227 0.05953662090682284 100 default
w 784 208 784 304 0
w 784 208 736 208 0
w 816 208 784 208 0
w 848 224 848 160 0
w 704 224 704 160 0
t 848 224 816 224 0 1 -0.0815008792403028 -0.03938032482744836 100 default
t 704 224 736 224 0 1 0.5708058521543441 0.6129264065671985 100 default
w 816 240 736 240 0
w 768 96 768 112 0
w 768 112 768 128 0
w 768 112 736 112 0
w 784 112 768 112 0
w 592 272 688 272 0
w 736 16 768 16 0
w 672 16 736 16 0
w 832 272 688 272 0
w 880 272 832 272 0
w 640 160 624 160 0
w 640 144 640 160 0
w 624 128 672 128 0
w 640 16 672 16 0
r 672 128 672 16 0 10000
r 640 144 640 16 0 10000
w 848 16 768 16 0
w 912 16 848 16 0
w 848 160 912 160 0
w 848 128 848 160 0
w 880 144 880 176 0
w 656 144 640 144 0
w 704 128 672 128 0
w 704 128 704 160 0
w 736 144 656 144 0
w 768 160 704 160 0
w 912 112 912 96 0
w 848 96 848 128 0
w 816 96 848 96 0
g 816 128 816 144 0 0
r 848 96 848 16 0 10000
t 784 112 816 112 0 1 0.6226133893505561 0.6530100387245804 100 default
t 848 128 880 128 0 1 -0.02913997153279852 -0.627175771135227 100 default
t 880 144 912 144 0 1 0.5980357996024285 0.627175771135227 100 default
w 880 112 912 112 0
w 912 112 912 128 0
r 912 96 912 16 0 10000
r 768 96 768 16 0 10000
t 736 144 768 144 0 1 0.5973514073076428 0.567658065263552 100 default
t 704 128 736 128 0 1 0.029693342044090798 -0.567658065263552 100 default
w 640 16 496 16 0
w 592 272 480 272 0
r 880 176 880 272 0 10000
w 912 176 912 384 0
w 912 384 464 384 0
t 976 112 1008 112 0 1 -11.859988076576707 0.11189752861432711 100 default
g 1008 128 1008 144 0 0
162 1008 64 1008 96 2 default-led 1 0 0 0.01
r 1008 64 1008 16 0 5000
w 976 112 976 304 0
w 912 176 880 176 0
r 784 304 688 304 0 10000
w 688 272 688 304 0
