$ 1 0.000005 0.04168620196785084 50 5 43 5e-11
t 224 144 256 144 0 1 0.5357265807853138 0.6040997511810713 100 default
t 320 144 288 144 0 1 -0.00024592687279800796 0.06812724352295949 100 default
g 256 160 256 176 0 0
g 288 160 288 176 0 0
w 256 128 272 128 0
w 272 128 288 128 0
w 272 128 272 112 0
r 272 112 272 32 0 10000
w 272 112 320 112 0
c 320 112 400 112 0 1e-9 -0.5357681184261959 0.001
r 400 112 400 32 0 100000
r 320 144 384 144 0 100000
t 400 144 432 144 0 1 0.5360140440572149 0.6041412888219534 100 default
w 400 144 400 112 0
w 384 144 384 128 0
w 384 128 432 128 0
g 432 160 432 176 0 0
r 560 32 560 128 0 10000
w 560 32 432 32 0
w 432 32 400 32 0
w 400 32 272 32 0
w 272 32 160 32 0
r 224 144 160 144 0 100000
r 160 144 160 32 0 1000
s 96 144 160 144 0 1 false
g 96 144 96 160 0 0
g 80 32 80 48 0 0
v 80 32 160 32 0 0 40 12 0 0 0.5
w 432 128 560 128 0
o 17 1 0 4107 20 0.0125 0 2 17 3
