$ 1 0.000005 0.6798259793203881 63 5 43 5e-11
32 \0 0 1e-13 0 0 1.5 0 0 2 1 1 0 0 1
t 208 288 240 288 0 1 0.5386848652699036 0.5677758321299812 100 \0
t 240 272 304 272 0 1 -0.5386848658923156 0.02909096686007765 100 default
t 304 256 368 256 0 1 0.5386848648961076 0.5677758327523932 100 default
r 240 272 240 176 0 100000
r 304 256 304 176 0 100000
r 368 240 368 176 0 100000
g 368 272 368 288 0 0
g 304 288 304 304 0 0
g 240 304 240 320 0 0
w 368 176 304 176 0
w 304 176 240 176 0
w 240 176 160 176 0
r 208 288 160 288 0 100000
r 160 240 80 240 0 10000
g 80 240 80 256 0 0
v 112 176 160 176 0 0 40 12 0 0 0.5
g 112 176 112 192 0 0
s 160 176 160 240 0 0 false
t 416 352 448 352 0 1 0.5389817027544729 0.5569099560272639 100 default
t 416 304 448 304 0 1 -11.970909007890292 0.011162714583494573 100 default
w 448 320 448 336 0
r 448 288 448 176 0 1000
w 448 176 368 176 0
w 416 240 368 240 0
g 448 368 448 384 0 0
162 496 288 448 288 2 default-led 1 0 0 0.01
r 496 288 496 176 0 1000
w 496 176 448 176 0
w 416 32 336 32 0
w 336 32 272 32 0
g 272 32 256 32 0 0
c 416 112 416 32 0 1e-12 0.001 0.001
w 416 240 416 304 0
w 160 352 416 352 0
w 160 240 160 288 0
r 160 288 160 352 0 100000
I 160 464 224 464 0 0.5 5
I 224 464 288 464 0 0.5 5
I 288 464 352 464 0 0.5 5
150 352 480 432 480 0 2 0 5
w 352 496 160 496 0
w 160 496 160 464 0
s 96 464 160 464 0 0 false
v 96 512 96 464 0 0 40 5 0 0 0.5
g 96 512 96 528 0 0
t 176 704 176 736 0 1 0.6241436524734496 0.6238877558165457 100 default
t 192 736 224 736 0 1 0.6235177518181961 0.6556080751997033 100 default
t 224 752 256 752 0 1 0.6464515273872471 0.6712239063412648 100 default
r 224 752 224 800 0 100000
r 224 720 224 672 0 1000
r 176 704 176 656 0 1000
w 176 656 224 656 0
w 224 656 224 672 0
w 176 656 48 656 0
v 48 800 48 656 0 0 40 5 0 0 0.5
g 48 800 48 816 0 0
g 224 800 224 816 0 0
g 256 768 256 800 0 0
w 160 736 112 736 0
s 48 800 112 736 0 1 false
d 112 800 112 736 2 default
g 112 800 112 816 0 0
t 240 688 272 688 0 1 -4.2947455694414165 0.47320053286704417 100 default
w 240 688 224 720 0
d 272 704 256 736 2 default
r 272 672 272 624 0 220
w 224 656 224 624 0
w 224 624 240 624 0
w 256 736 368 736 0
w 240 624 272 624 0
w 496 624 528 624 0
w 480 624 496 624 0
w 480 656 480 624 0
r 528 672 528 624 0 220
d 528 704 512 736 2 default
w 496 688 480 720 0
t 496 688 528 688 0 1 0.5306956982543412 0.6247064035068979 100 default
g 368 800 368 816 0 0
d 368 800 368 736 2 default
w 416 736 368 736 0
g 512 768 512 800 0 0
g 480 800 480 816 0 0
w 432 656 272 624 0
w 480 656 480 672 0
w 432 656 480 656 0
r 432 704 432 656 0 1000
r 480 720 480 672 0 1000
r 480 752 480 800 0 100000
t 480 752 512 752 0 1 -3.7570016344425405 9.270498363477923e-7 100 default
t 448 736 480 736 0 1 -4.845008367595007 0.04269970374600559 100 default
t 432 704 432 736 0 1 0.6329247192746743 0.6508529711164985 100 default
t 688 704 688 736 0 1 0.6242774320712048 -1.7917889253835522 100 default
t 704 736 736 736 0 1 0.6415095750373537 0.6674655430811447 100 default
t 736 752 768 752 0 1 0.6555306297721248 0.6734706609564753 100 default
r 736 752 736 800 0 100000
r 736 720 736 672 0 1000
r 688 704 688 656 0 1000
w 688 656 736 656 0
w 736 656 736 672 0
w 688 656 528 624 0
g 736 800 736 816 0 0
g 768 768 768 800 0 0
w 672 736 624 736 0
d 624 800 624 736 2 default
g 624 800 624 816 0 0
t 752 688 784 688 0 1 -4.298557167273174 0.4741943941170347 100 default
w 752 688 736 720 0
d 784 704 768 736 2 default
r 784 672 784 624 0 220
w 736 656 736 624 0
w 736 624 752 624 0
w 768 736 880 736 0
w 752 624 784 624 0
w 512 736 624 736 0
c 208 288 208 240 0 3e-11 0.5386848652699036 0.001
w 208 240 240 272 0
c 304 256 336 240 0 3e-11 0.5386848648961076 0.001
w 336 240 368 240 0
c 240 272 272 240 0 3e-11 -0.5386848658923156 0.001
w 272 240 304 256 0
c 240 304 208 288 0 3e-11 -0.5677758321299812 0.001
t 16 1008 16 1040 0 1 0.5074492498409136 -2.605572598754306 100 default
t 32 1040 64 1040 0 1 0.5231119070151029 0.5803830566007327 100 default
w 64 1024 64 1008 0
r 16 1008 16 944 0 100000
r 64 1008 64 944 0 10000
r 64 1056 64 1120 0 100000
t 64 1056 128 1056 0 1 0.5768081156334418 0.5971374130464439 100 default
w 128 1072 128 1120 0
d 0 1120 0 1040 2 default
w 0 1120 64 1120 0
w 64 1120 128 1120 0
w 0 1120 -128 1120 0
w 64 944 16 944 0
w 64 944 128 944 0
r 128 944 128 1040 0 100000
v -128 1120 -128 944 0 0 40 5 0 0 0.5
w 0 1040 -48 1040 0
s -128 1120 -48 1040 0 1 false
w 128 1040 176 1040 0
g -128 1120 -128 1136 0 0
w 128 944 192 944 0
r 304 944 304 1040 0 100000
w 240 944 304 944 0
w 240 944 192 944 0
w 176 1120 128 1120 0
w 240 1120 304 1120 0
w 176 1120 240 1120 0
d 176 1120 176 1040 2 default
w 304 1072 304 1120 0
t 240 1056 304 1056 0 1 -1.666765317394653 7.209433829641184e-7 100 default
r 240 1056 240 1120 0 100000
r 240 1008 240 944 0 10000
r 192 1008 192 944 0 100000
w 240 1024 240 1008 0
t 208 1040 240 1040 0 1 -4.961742344137503 0.038256829912720586 100 default
t 192 1008 192 1040 0 1 0.5145364319268602 0.5324646853699616 100 default
t 368 1008 368 1040 0 1 0.5074575175049549 0.01714387020708119 100 default
t 384 1040 416 1040 0 1 0.5231203040492574 0.5803898979159999 100 default
w 416 1024 416 1008 0
r 368 1008 368 944 0 100000
r 416 1008 416 944 0 10000
r 416 1056 416 1120 0 100000
t 416 1056 480 1056 0 1 0.5768386594756105 0.5960624931241624 100 default
w 480 1072 480 1120 0
d 352 1120 352 1040 2 default
w 352 1120 416 1120 0
w 416 1120 480 1120 0
w 352 1120 304 1120 0
w 416 944 368 944 0
w 416 944 480 944 0
r 480 944 480 1040 0 100000
w 304 944 368 944 0
w 304 1040 352 1040 0
w 480 1040 560 1040 0
w -48 1040 -48 1152 0
w -48 1152 496 1152 0
r 496 1152 560 1152 0 100000
t 560 1152 592 1152 0 1 0.5102113315931999 0.5281395853395389 100 default
t 560 1040 592 1040 0 1 -4.980775149553201 0.0012955799022128234 100 default
w 592 1056 592 1136 0
r 592 1024 592 944 0 100000
w 592 944 480 944 0
w 592 1024 672 1024 0
g 592 1168 592 1184 0 0
r -48 1040 -48 944 0 10000
w -128 944 -48 944 0
w -48 944 16 944 0
c 896 1040 928 1040 0 1e-11 3.0029544310261826 0.001
c 944 1040 976 1040 0 1e-11 3.0029544310261826 0.001
t -32 1392 0 1392 0 1 0.5381677131443565 0.5674409892044782 100 default
t 0 1376 32 1376 0 1 -0.5385025558449212 0.029273276060121634 100 default
t 32 1360 64 1360 0 1 0.5386848649237116 0.5677758319050429 100 default
t 64 1344 96 1344 0 1 -0.5386848657710619 0.029090966981331314 100 default
t 96 1328 128 1328 0 1 0.5386848648961079 0.5677758327523932 100 default
r 128 1312 128 1248 0 100000
w 128 1248 96 1248 0
w 96 1248 64 1248 0
w 64 1248 32 1248 0
w 32 1248 0 1248 0
v -128 1488 -128 1248 0 0 40 12 0 0 0.5
g 0 1408 0 1424 0 0
g 32 1392 32 1408 0 0
g 64 1376 64 1392 0 0
g 96 1360 96 1376 0 0
g 128 1344 128 1360 0 0
g -128 1488 -128 1504 0 0
w 0 1248 -80 1248 0
w -80 1248 -128 1248 0
r 96 1328 96 1248 0 100000
r 64 1344 64 1248 0 100000
r 32 1360 32 1248 0 100000
r 0 1376 0 1248 0 100000
s -32 1488 -128 1488 0 1 false
w 128 1312 192 1312 0
r -32 1392 -32 1488 0 100000
w -32 1488 -80 1440 0
r -80 1440 -80 1248 0 1000
r -32 1488 176 1488 0 100000
t 176 1488 224 1488 0 1 0.5384709118877448 0.5563991651893475 100 default
t 192 1312 224 1312 0 1 -11.970906611449298 0.011162714554682585 100 default
w 224 1328 224 1472 0
r 224 1296 224 1248 0 100000
w 224 1248 128 1248 0
g 224 1504 224 1520 0 0
w 224 1296 288 1296 0
o 214 1 0 4107 0.15625 0.00009765625 0 2 214 3
o 225 1 0 4107 40 0.00009765625 1 2 225 3
