$ 1 0.000005 0.08119363461506351 70 5 43 5e-11
t -224 368 -176 368 0 1 0.000017150004430803445 0.029108133426024516 100 default
t -224 496 -176 496 0 1 0.5386848204039834 0.567775803825577 100 default
r -432 512 -256 512 0 100000
r -400 384 -400 256 0 100000
r -368 368 -368 256 0 100000
r -336 352 -336 256 0 100000
w -480 256 -528 256 0
w -400 256 -432 256 0
g -528 496 -528 512 0 0
g -336 384 -336 400 0 0
g -368 400 -368 416 0 0
g -400 416 -400 432 0 0
v -528 496 -528 256 0 0 40 12 0 0 0.5
w -368 256 -400 256 0
w -336 256 -368 256 0
t -368 368 -336 368 0 1 -0.538636252473704 0.029107575001644174 100 default
t -400 384 -368 384 0 1 0.5386842892179582 0.5677918642196024 100 default
t -432 400 -400 400 0 1 -0.37180138894150827 0.1959904752780941 100 default
w -480 256 -432 256 0
r -432 512 -432 400 0 100000
r -720 464 -752 464 0 100
w -848 400 -800 400 0
v -848 560 -848 400 0 0 40 12 0 0 0.5
g -848 560 -848 576 0 0
w -800 400 -752 400 0
w -688 448 -640 448 0
g -752 560 -752 576 0 0
r -752 512 -752 560 0 100
w -752 400 -688 400 0
r -752 464 -752 400 0 100000
r -688 448 -688 400 0 10000
w -688 512 -688 480 0
w -720 512 -688 512 0
w -752 512 -752 496 0
w -720 512 -752 512 0
t -720 464 -688 464 0 1 0.5374154859098638 0.6041106783256305 200 default
t -800 480 -752 480 0 1 -5.73479450339258 -5.119428487159338 200 default
v -800 688 -800 528 0 1 4000 5 0 0 0.5
g -800 688 -800 704 0 0
w -432 512 -432 544 0
w -432 544 -640 544 0
w -640 544 -640 448 0
r -800 480 -800 528 0 100000
g -176 384 -176 400 0 0
w -112 480 -176 480 0
t -112 336 -48 336 0 1 -11.970906578694327 0.029090983421593712 100 default
g -48 352 -48 368 0 0
r -112 336 -112 256 0 100000
w -48 256 -112 256 0
r -48 256 -48 320 0 100000
c -336 352 -368 368 0 2.2000000000000003e-9 0.538636252473704 0.001
c -336 736 -368 752 0 2.2000000000000003e-9 1.089213640906212 0.001
w -432 928 -640 928 0
w -432 880 -432 928 0
w -336 736 -240 736 0
r -432 880 -432 784 0 100000
w -480 640 -432 640 0
t -432 784 -400 784 0 1 -0.37177689046457585 0.19599047527386337 100 default
t -400 768 -368 768 0 1 0.5386851003031468 0.5677673657384392 100 default
t -368 752 -336 752 0 1 -1.089213640906212 0.029082265435292517 100 default
w -336 640 -368 640 0
w -368 640 -400 640 0
g -400 800 -400 816 0 0
g -368 784 -368 800 0 0
g -336 768 -336 784 0 0
w -400 640 -432 640 0
r -336 736 -336 640 0 100000
r -368 752 -368 640 0 100000
r -400 768 -400 640 0 100000
r -432 880 -224 880 0 100000
g -176 896 -176 928 0 0
t -224 880 -176 880 0 1 -0.38459754175604943 0.19599047655746402 100 default
t -224 848 -176 848 0 1 0.5379652062348362 0.5377078880279911 100 default
w -640 544 -640 928 0
w -240 736 -240 848 0
r -176 832 -176 640 0 100000
w -176 640 -336 640 0
w -176 832 -80 832 0
w -480 640 -480 256 0
t -80 832 16 832 0 1 0.5561144762504582 0.5803307001066683 100 default
g 16 848 16 880 0 0
r 16 816 16 640 0 100000
w 16 640 -176 640 0
w -112 336 -112 352 0
w -112 352 -176 352 0
w -112 352 -112 480 0
w -240 848 -224 848 0
t -256 384 -224 384 0 1 0.5386356940493237 0.5677438274753481 100 default
g -224 400 -224 416 0 0
w -336 352 -288 352 0
w -288 352 -288 384 0
w -288 384 -256 384 0
r -224 368 -224 256 0 100000
w -224 256 -112 256 0
t -256 512 -224 512 0 1 -0.3717853285501649 0.19599047527541213 100 default
g -224 528 -224 544 0 0
g -176 512 -176 528 0 0
r -224 496 -224 448 0 100000
w -224 448 -272 448 0
w -272 448 -272 256 0
w -272 256 -224 256 0
w -272 256 -336 256 0
t 16 816 96 816 0 1 -11.975781343061776 0.02421622385621012 100 default
g 96 832 96 848 0 0
r 96 800 96 640 0 100000
w 96 640 16 640 0
o 77 1 0 4099 1.25 0.000390625 0 2 77 3
o 83 1 0 4099 0.625 0.000390625 1 2 83 3
o 104 1 0 4099 20 0.0001953125 2 4 104 3 49 0 49 3
