$ 1 0.000005 0.010109782498721881 70 5 43 5e-11
v 0 272 0 96 0 0 40 12 0 0 0.5
r 176 96 176 176 0 10000
r 368 96 368 176 0 10000
t 208 240 176 240 0 1 -10.444601751253686 0.07163812427752668 100 default
t 336 240 368 240 0 1 0.5319519219277327 0.6035890268007608 100 default
r 240 208 176 208 0 100000
r 368 208 304 208 0 100000
w 176 208 176 224 0
w 176 208 176 176 0
w 368 176 368 208 0
w 368 208 368 224 0
w 240 240 304 208 0
w 304 240 240 208 0
w 176 96 368 96 0
w 368 256 368 272 0
w 368 272 176 272 0
w 176 272 176 256 0
w 0 272 176 272 0
t 208 320 240 320 0 1 -0.06997458944430666 0.0016635348332200211 100 default
t 320 320 352 320 0 1 -0.6019322867997571 0.0016567400010037221 100 default
g 240 336 240 352 0 0
g 352 336 352 352 0 0
r 208 320 208 448 0 100000
s 48 448 112 448 0 1 false
w 0 96 48 96 0
r 272 320 272 448 0 100000
w 208 448 272 448 0
w 208 448 112 448 0
w 48 96 48 368 0
t 144 336 176 336 0 1 -0.001663534043952733 7.892672879786593e-10 100 default
w 176 320 208 320 0
g 176 352 176 368 0 0
d 224 288 144 288 2 1N4148
w 224 288 272 288 0
r 144 288 144 336 0 100000
w 144 288 128 288 0
s 64 304 112 304 0 0 false
g 64 304 64 320 0 0
g 0 272 0 288 0 0
w 112 304 112 288 0
w 112 288 128 288 0
w 48 448 48 368 0
r 112 448 112 400 0 10000
g 160 400 160 416 0 0
w 160 400 112 400 0
w 272 320 272 288 0
d 272 320 320 320 2 1N4148
162 128 160 128 208 2 default-led 1 0 0 0.01
r 128 160 128 96 0 5000
w 48 96 128 96 0
w 128 96 176 96 0
w 128 208 176 208 0
w 240 304 240 240 0
w 240 240 208 240 0
w 304 288 304 240 0
w 304 240 336 240 0
w 688 240 720 240 0
w 688 288 688 240 0
w 624 240 592 240 0
w 624 304 624 240 0
w 512 208 560 208 0
w 512 96 560 96 0
w 432 96 512 96 0
r 512 160 512 96 0 5000
162 512 160 512 208 2 default-led 1 0 0 0.01
w 656 320 656 288 0
r 496 304 496 368 0 10000
w 496 288 512 288 0
w 496 304 496 288 0
g 448 304 448 320 0 0
s 448 304 496 304 0 0 false
w 528 288 512 288 0
w 432 368 496 368 0
r 528 288 528 336 0 100000
w 608 288 656 288 0
d 608 288 528 288 2 1N4148
g 560 352 560 368 0 0
w 560 320 592 320 0
t 528 336 560 336 0 1 -0.0016635340439527344 7.892672879786603e-10 100 default
w 432 96 432 368 0
w 592 448 656 448 0
r 656 320 656 448 0 100000
w 368 96 432 96 0
r 592 320 592 448 0 100000
g 736 336 736 352 0 0
g 624 336 624 352 0 0
t 704 320 736 320 0 1 -0.6019322868030672 0.001656739997653851 100 default
t 592 320 624 320 0 1 -0.06997458944457985 0.0016635348332200224 100 default
w 368 272 560 272 0
w 560 272 560 256 0
w 752 272 560 272 0
w 752 256 752 272 0
w 560 96 752 96 0
w 688 240 624 208 0
w 624 240 688 208 0
w 752 208 752 224 0
w 752 176 752 208 0
w 560 208 560 176 0
w 560 208 560 224 0
r 752 208 688 208 0 100000
r 624 208 560 208 0 100000
t 720 240 752 240 0 1 0.53195192192742 0.603589026800721 100 default
t 592 240 560 240 0 1 -10.444601751147841 0.07163812427779988 100 default
r 752 96 752 176 0 10000
r 560 96 560 176 0 10000
w 592 448 272 448 0
w 1056 240 1088 240 0
w 1056 288 1056 240 0
w 992 240 960 240 0
w 992 304 992 240 0
w 880 208 928 208 0
w 880 96 928 96 0
w 800 96 880 96 0
r 880 160 880 96 0 5000
162 880 160 880 208 2 default-led 1 0 0 0.01
w 1024 320 1024 288 0
r 864 304 864 368 0 10000
w 864 288 880 288 0
w 864 304 864 288 0
g 816 304 816 320 0 0
s 816 304 864 304 0 1 false
w 896 288 880 288 0
w 800 368 864 368 0
r 896 288 896 336 0 100000
w 976 288 1024 288 0
d 976 288 896 288 2 1N4148
g 928 352 928 368 0 0
w 928 320 960 320 0
t 896 336 928 336 0 1 0.5365224151477326 0.5544300654563862 100 default
w 800 96 800 368 0
w 960 448 1024 448 0
r 1024 320 1024 448 0 100000
w 752 96 800 96 0
r 960 320 960 448 0 100000
g 1104 336 1104 352 0 0
g 992 336 992 352 0 0
t 1072 320 1104 320 0 1 -0.10160772473404857 0.0021010003912929893 100 default
t 960 320 992 320 0 1 -0.6090390859486918 0.017907650308653593 100 default
w 752 272 928 272 0
w 928 272 928 256 0
w 1120 272 928 272 0
w 1120 256 1120 272 0
w 928 96 1120 96 0
w 1056 240 992 208 0
w 992 240 1056 208 0
w 1120 208 1120 224 0
w 1120 176 1120 208 0
w 928 208 928 176 0
w 928 208 928 224 0
r 1120 208 1056 208 0 100000
r 992 208 928 208 0 100000
t 1088 240 1120 240 0 1 -9.991884845615093 0.10370872512534156 100 default
t 960 240 928 240 0 1 0.5232389738198735 0.6269467362573454 100 default
r 1120 96 1120 176 0 10000
r 928 96 928 176 0 10000
w 960 448 656 448 0
w 1440 240 1472 240 0
w 1440 288 1440 240 0
w 1376 240 1344 240 0
w 1376 304 1376 240 0
w 1264 208 1312 208 0
w 1264 96 1312 96 0
w 1184 96 1264 96 0
r 1264 160 1264 96 0 5000
162 1264 160 1264 208 2 default-led 1 0 0 0.01
w 1408 320 1408 288 0
r 1248 304 1248 368 0 10000
w 1248 288 1264 288 0
w 1248 304 1248 288 0
g 1200 304 1200 320 0 0
s 1200 304 1248 304 0 0 false
w 1280 288 1264 288 0
w 1184 368 1248 368 0
r 1280 288 1280 336 0 100000
w 1360 288 1408 288 0
d 1360 288 1280 288 2 1N4148
g 1312 352 1312 368 0 0
w 1312 320 1344 320 0
t 1280 336 1312 336 0 1 -0.001663534043952734 7.892672879786591e-10 100 default
w 1184 96 1184 368 0
w 1344 448 1408 448 0
r 1408 320 1408 448 0 100000
w 1120 96 1184 96 0
r 1344 320 1344 448 0 100000
g 1488 336 1488 352 0 0
g 1376 336 1376 352 0 0
t 1456 320 1488 320 0 1 -0.6019322867992147 0.0016567400015125645 100 default
t 1344 320 1376 320 0 1 -0.06997458944453594 0.001663534833220022 100 default
w 1120 272 1312 272 0
w 1312 272 1312 256 0
w 1504 272 1312 272 0
w 1504 256 1504 272 0
w 1312 96 1504 96 0
w 1440 240 1376 208 0
w 1376 240 1440 208 0
w 1504 208 1504 224 0
w 1504 176 1504 208 0
w 1312 208 1312 176 0
w 1312 208 1312 224 0
r 1504 208 1440 208 0 100000
r 1376 208 1312 208 0 100000
t 1472 240 1504 240 0 1 0.5319519219274702 0.6035890268007273 100 default
t 1344 240 1312 240 0 1 -10.44460175116362 0.07163812427775597 100 default
r 1504 96 1504 176 0 10000
r 1312 96 1312 176 0 10000
w 1024 448 1344 448 0
r 112 304 112 368 0 10000
w 112 368 48 368 0
d 656 320 704 320 2 1N4148
d 1024 320 1072 320 2 1N4148
d 1408 320 1456 320 2 1N4148
w 304 288 352 288 0
w 352 288 352 304 0
w 688 288 736 288 0
w 736 288 736 304 0
w 1056 288 1104 288 0
w 1104 288 1104 304 0
w 1440 288 1488 288 0
w 1488 288 1488 304 0
w 160 0 160 -48 0
w 96 -96 176 -96 0
w 96 -48 96 -96 0
r 208 -48 160 -48 0 100000
w 208 0 272 0 0
g 240 -32 240 -16 0 0
w 176 -96 176 -240 0
w 240 -64 240 -96 0
r 240 -96 176 -96 0 100000
s 96 -48 160 -48 0 1 false
r 208 0 160 0 0 100000
w 176 -240 224 -240 0
t 208 -48 240 -48 0 1 -0.3938388871268039 0.17209700332254693 100 default
w 304 -48 304 -16 0
t 272 0 304 0 0 1 -0.9588645368396027 0.1720970598225284 100 default
g 272 -48 272 -32 0 0
t 240 -64 272 -64 0 1 0.5387437610384127 0.5659358904493509 100 default
w 752 -48 976 -48 0
r 1088 -208 1088 -176 0 1000
w 1088 -176 1040 -176 0
w 1120 -176 1088 -176 0
w 1088 -240 1120 -240 0
162 1088 -240 1088 -208 2 default-led 1 0 0 0.01
w 1088 -240 896 -240 0
w 976 -144 1040 16 0
w 1136 16 1056 -144 0
r 1120 -176 1120 -240 0 10000
d 976 -144 976 -48 2 1N4148
w 832 -80 1056 -80 0
g 1120 -128 1120 -112 0 0
g 1040 -128 1040 -112 0 0
d 1056 -144 1056 -80 2 1N4148
d 1056 -144 1088 -144 2 1N4148
d 976 -144 1008 -144 2 1N4148
w 1040 -160 1040 -176 0
w 1120 -160 1120 -176 0
t 1008 -144 1040 -144 0 1 -1.2213540147336017 0.6534389062109643 100 default
t 1088 -144 1120 -144 0 1 -1.8037576368668067 0.07103528407775946 100 default
w 528 -48 752 -48 0
r 864 -208 864 -176 0 1000
w 864 -176 816 -176 0
w 896 -176 864 -176 0
w 864 -240 896 -240 0
162 864 -240 864 -208 2 default-led 1 0 0 0.01
w 864 -240 672 -240 0
w 752 -144 816 16 0
w 896 16 832 -144 0
r 896 -176 896 -240 0 10000
d 752 -144 752 -48 2 1N4148
w 608 -80 832 -80 0
g 896 -128 896 -112 0 0
g 816 -128 816 -112 0 0
d 832 -144 832 -80 2 1N4148
d 832 -144 864 -144 2 1N4148
d 752 -144 784 -144 2 1N4148
w 816 -160 816 -176 0
w 896 -160 896 -176 0
t 784 -144 816 -144 0 1 -11.875572745854015 0.10427935779041132 100 default
t 864 -144 896 -144 0 1 -11.54483914977805 0.43501295386637706 100 default
t 640 -144 672 -144 0 1 -1.8037576369522093 0.07103528397793872 100 default
t 560 -144 592 -144 0 1 -1.2213540147191413 0.6534389062110068 100 default
w 672 -160 672 -176 0
w 592 -160 592 -176 0
d 528 -144 560 -144 2 1N4148
d 608 -144 640 -144 2 1N4148
d 608 -144 608 -80 2 1N4148
g 592 -128 592 -112 0 0
g 672 -128 672 -112 0 0
w 384 -80 608 -80 0
d 528 -144 528 -48 2 1N4148
r 672 -176 672 -240 0 10000
w 672 16 608 -144 0
w 528 -144 576 16 0
w 640 -240 448 -240 0
162 640 -240 640 -208 2 default-led 1 0 0 0.01
w 640 -240 672 -240 0
w 672 -176 640 -176 0
w 640 -176 592 -176 0
r 640 -208 640 -176 0 1000
r 416 -208 416 -176 0 1000
w 416 -176 368 -176 0
w 448 -176 416 -176 0
w 416 -240 448 -240 0
162 416 -240 416 -208 2 default-led 1 0 0 0.01
w 416 -240 224 -240 0
w 304 -144 368 16 0
w 448 16 384 -144 0
r 448 -176 448 -240 0 10000
w 304 -48 528 -48 0
d 304 -144 304 -48 2 1N4148
g 224 -144 224 -128 0 0
v 224 -144 224 -240 0 0 40 12 0 0 0.5
w 272 -80 384 -80 0
g 448 -128 448 -112 0 0
g 368 -128 368 -112 0 0
d 384 -144 384 -80 2 1N4148
d 384 -144 416 -144 2 1N4148
d 304 -144 336 -144 2 1N4148
w 368 -160 368 -176 0
w 448 -160 448 -176 0
t 336 -144 368 -144 0 1 -1.2213540146594712 0.6534389062111866 100 default
t 416 -144 448 -144 0 1 -1.8037576368901673 0.07103528398049043 100 default
g 304 16 304 32 0 0
r 368 16 176 208 0 100000
r 448 16 368 208 0 100000
r 576 16 560 176 0 100000
r 672 16 752 176 0 100000
r 816 16 928 176 0 100000
r 896 16 1120 176 0 100000
r 1040 16 1312 176 0 100000
r 1136 16 1504 176 0 100000
