$ 1 0.000005 0.18682459574322224 70 5 43 5e-11
v 0 272 0 96 0 0 40 12 0 0 0.5
r 176 96 176 176 0 10000
r 368 96 368 176 0 10000
t 208 240 176 240 0 1 -10.42133774130065 0.07169838678494653 100 default
t 336 240 368 240 0 1 0.531883027497767 0.603580403855317 100 default
r 240 208 176 208 0 100000
r 368 208 304 208 0 100000
w 176 208 176 224 0
w 176 208 176 176 0
w 368 176 368 208 0
w 368 208 368 224 0
w 240 240 304 208 0
w 304 240 240 208 0
w 176 96 368 96 0
w 368 256 368 272 0
w 368 272 176 272 0
w 176 272 176 256 0
w 0 272 176 272 0
t 208 320 240 320 0 1 -0.05361433067729963 0.0180840561076469 100 default
t 320 320 352 320 0 1 -0.5856967475909567 0.017883656264360337 100 default
g 240 336 240 352 0 0
g 352 336 352 352 0 0
r 208 320 208 448 0 100000
w 0 96 48 96 0
r 272 320 272 448 0 100000
w 208 448 272 448 0
w 208 448 48 448 0
w 48 96 48 368 0
t 144 336 176 336 0 1 -0.018084049269215103 6.8384317954293235e-9 100 default
w 176 320 208 320 0
g 176 352 176 368 0 0
d 224 288 144 288 2 1N4148
w 224 288 272 288 0
r 144 288 144 336 0 100000
w 144 288 128 288 0
s 64 304 112 304 0 0 false
g 64 304 64 320 0 0
g 0 272 0 288 0 0
w 112 304 112 288 0
w 112 288 128 288 0
w 272 320 272 288 0
d 272 320 320 320 2 1N4148
162 128 160 128 208 2 default-led 1 0 0 0.01
r 128 160 128 96 0 5000
w 48 96 128 96 0
w 128 96 176 96 0
w 128 208 176 208 0
w 240 304 240 240 0
w 240 240 208 240 0
w 304 288 304 240 0
w 304 240 336 240 0
w 688 240 720 240 0
w 688 288 688 240 0
w 624 240 592 240 0
w 624 304 624 240 0
w 512 208 560 208 0
w 512 96 560 96 0
w 432 96 512 96 0
r 512 160 512 96 0 5000
162 512 160 512 208 2 default-led 1 0 0 0.01
w 656 320 656 288 0
r 496 304 496 368 0 10000
w 496 288 512 288 0
w 496 304 496 288 0
g 448 304 448 320 0 0
s 448 304 496 304 0 0 false
w 528 288 512 288 0
w 432 368 496 368 0
r 528 288 528 336 0 100000
w 608 288 656 288 0
d 608 288 528 288 2 1N4148
g 560 352 560 368 0 0
w 560 320 592 320 0
t 528 336 560 336 0 1 -0.018084049269215093 6.838431795429327e-9 100 default
w 432 96 432 368 0
w 592 448 656 448 0
r 656 320 656 448 0 100000
w 368 96 432 96 0
r 592 320 592 448 0 100000
g 736 336 736 352 0 0
g 624 336 624 352 0 0
t 704 320 736 320 0 1 -0.5856967470584359 0.017883656796877225 100 default
t 592 320 624 320 0 1 -0.05361433067733175 0.01808405610764689 100 default
w 368 272 560 272 0
w 560 272 560 256 0
w 752 272 560 272 0
w 752 256 752 272 0
w 560 96 752 96 0
w 688 240 624 208 0
w 624 240 688 208 0
w 752 208 752 224 0
w 752 176 752 208 0
w 560 208 560 176 0
w 560 208 560 224 0
r 752 208 688 208 0 100000
r 624 208 560 208 0 100000
t 720 240 752 240 0 1 0.531883027497731 0.6035804038553131 100 default
t 592 240 560 240 0 1 -10.421337741288465 0.07169838678497864 100 default
r 752 96 752 176 0 10000
r 560 96 560 176 0 10000
w 592 448 272 448 0
w 1056 240 1088 240 0
w 1056 288 1056 240 0
w 992 240 960 240 0
w 992 304 992 240 0
w 880 208 928 208 0
w 880 96 928 96 0
w 800 96 880 96 0
r 880 160 880 96 0 5000
162 880 160 880 208 2 default-led 1 0 0 0.01
w 1024 320 1024 288 0
r 864 304 864 368 0 10000
w 864 288 880 288 0
w 864 304 864 288 0
g 816 304 816 320 0 0
s 816 304 864 304 0 0 false
w 896 288 880 288 0
w 800 368 864 368 0
r 896 288 896 336 0 100000
w 976 288 1024 288 0
d 976 288 896 288 2 1N4148
g 928 352 928 368 0 0
w 928 320 960 320 0
t 896 336 928 336 0 1 -0.01808404926921509 6.838431795429325e-9 100 default
w 800 96 800 368 0
w 960 448 1024 448 0
r 1024 320 1024 448 0 100000
w 752 96 800 96 0
r 960 320 960 448 0 100000
g 1104 336 1104 352 0 0
g 992 336 992 352 0 0
t 1072 320 1104 320 0 1 -0.5856967474038485 0.017883656451500855 100 default
t 960 320 992 320 0 1 -0.05361433067707875 0.018084056107646886 100 default
w 752 272 928 272 0
w 928 272 928 256 0
w 1120 272 928 272 0
w 1120 256 1120 272 0
w 928 96 1120 96 0
w 1056 240 992 208 0
w 992 240 1056 208 0
w 1120 208 1120 224 0
w 1120 176 1120 208 0
w 928 208 928 176 0
w 928 208 928 224 0
r 1120 208 1056 208 0 100000
r 992 208 928 208 0 100000
t 1088 240 1120 240 0 1 0.5318830274980202 0.6035804038553493 100 default
t 960 240 928 240 0 1 -10.421337741386207 0.07169838678472563 100 default
r 1120 96 1120 176 0 10000
r 928 96 928 176 0 10000
w 960 448 656 448 0
w 1440 240 1472 240 0
w 1440 288 1440 240 0
w 1376 240 1344 240 0
w 1376 304 1376 240 0
w 1264 208 1312 208 0
w 1264 96 1312 96 0
w 1184 96 1264 96 0
r 1264 160 1264 96 0 5000
162 1264 160 1264 208 2 default-led 1 0 0 0.01
w 1408 320 1408 288 0
r 1248 304 1248 368 0 10000
w 1248 288 1264 288 0
w 1248 304 1248 288 0
g 1200 304 1200 320 0 0
s 1200 304 1248 304 0 0 false
w 1280 288 1264 288 0
w 1184 368 1248 368 0
r 1280 288 1280 336 0 100000
w 1360 288 1408 288 0
d 1360 288 1280 288 2 1N4148
g 1312 352 1312 368 0 0
w 1312 320 1344 320 0
t 1280 336 1312 336 0 1 -0.018084049269215093 6.838431795429327e-9 100 default
w 1184 96 1184 368 0
w 1344 448 1408 448 0
r 1408 320 1408 448 0 100000
w 1120 96 1184 96 0
r 1344 320 1344 448 0 100000
g 1488 336 1488 352 0 0
g 1376 336 1376 352 0 0
t 1456 320 1488 320 0 1 -0.5856967475943561 0.017883656260969424 100 default
t 1344 320 1376 320 0 1 -0.05361433067724225 0.01808405610764689 100 default
w 1120 272 1312 272 0
w 1312 272 1312 256 0
w 1504 272 1312 272 0
w 1504 256 1504 272 0
w 1312 96 1504 96 0
w 1440 240 1376 208 0
w 1376 240 1440 208 0
w 1504 208 1504 224 0
w 1504 176 1504 208 0
w 1312 208 1312 176 0
w 1312 208 1312 224 0
r 1504 208 1440 208 0 100000
r 1376 208 1312 208 0 100000
t 1472 240 1504 240 0 1 0.5318830274978329 0.6035804038553255 100 default
t 1344 240 1312 240 0 1 -10.421337741323583 0.07169838678488914 100 default
r 1504 96 1504 176 0 10000
r 1312 96 1312 176 0 10000
w 1024 448 1344 448 0
r 112 304 112 368 0 10000
w 112 368 48 368 0
d 656 320 704 320 2 1N4148
d 1024 320 1072 320 2 1N4148
d 1408 320 1456 320 2 1N4148
w 304 288 352 288 0
w 352 288 352 304 0
w 688 288 736 288 0
w 736 288 736 304 0
w 1056 288 1104 288 0
w 1104 288 1104 304 0
w 1440 288 1488 288 0
w 1488 288 1488 304 0
w 160 0 160 -48 0
w 96 -96 176 -96 0
w 96 -48 96 -96 0
r 208 -48 160 -48 0 100000
w 208 0 272 0 0
g 240 -32 240 -16 0 0
w 176 -96 176 -240 0
w 240 -64 240 -96 0
r 240 -96 176 -96 0 100000
s 96 -48 160 -48 0 0 false
r 208 0 160 0 0 100000
w 176 -240 224 -240 0
t 208 -48 240 -48 0 1 0.5386848652711682 0.5677758320918037 100 default
w 304 -48 304 -16 0
t 272 0 304 0 0 1 0.5380049788600255 0.5829510580052315 100 default
g 272 -48 272 -32 0 0
t 240 -64 272 -64 0 1 -0.042606226185176815 0.029090966820635514 100 default
w 752 -48 976 -48 0
r 1088 -208 1088 -176 0 1000
w 1088 -176 1040 -176 0
w 1120 -176 1088 -176 0
w 1088 -240 1120 -240 0
162 1088 -240 1088 -208 2 default-led 1 0 0 0.01
w 1088 -240 896 -240 0
w 976 -144 1040 16 0
w 1136 16 1056 -144 0
r 1120 -176 1120 -240 0 10000
d 976 -144 976 -48 2 1N4148
w 832 -80 1056 -80 0
g 1120 -128 1120 -112 0 0
g 1040 -128 1040 -112 0 0
d 1056 -144 1056 -80 2 1N4148
d 1056 -144 1088 -144 2 1N4148
d 976 -144 1008 -144 2 1N4148
w 1040 -160 1040 -176 0
w 1120 -160 1120 -176 0
t 1008 -144 1040 -144 0 1 -11.530472365501733 0.44255683231264353 100 default
t 1088 -144 1120 -144 0 1 -11.90119467940565 0.07183451840872684 100 default
w 528 -48 752 -48 0
r 864 -208 864 -176 0 1000
w 864 -176 816 -176 0
w 896 -176 864 -176 0
w 864 -240 896 -240 0
162 864 -240 864 -208 2 default-led 1 0 0 0.01
w 864 -240 672 -240 0
w 752 -144 816 16 0
w 896 16 832 -144 0
r 896 -176 896 -240 0 10000
d 752 -144 752 -48 2 1N4148
w 608 -80 832 -80 0
g 896 -128 896 -112 0 0
g 816 -128 816 -112 0 0
d 832 -144 832 -80 2 1N4148
d 832 -144 864 -144 2 1N4148
d 752 -144 784 -144 2 1N4148
w 816 -160 816 -176 0
w 896 -160 896 -176 0
t 784 -144 816 -144 0 1 -11.530472365936198 0.442556832099902 100 default
t 864 -144 896 -144 0 1 -11.901194679592594 0.07183451844350547 100 default
t 640 -144 672 -144 0 1 -11.90119467974804 0.07183451861963175 100 default
t 560 -144 592 -144 0 1 -11.53047236721372 0.44255683115395 100 default
w 672 -160 672 -176 0
w 592 -160 592 -176 0
d 528 -144 560 -144 2 1N4148
d 608 -144 640 -144 2 1N4148
d 608 -144 608 -80 2 1N4148
g 592 -128 592 -112 0 0
g 672 -128 672 -112 0 0
w 384 -80 608 -80 0
d 528 -144 528 -48 2 1N4148
r 672 -176 672 -240 0 10000
w 672 16 608 -144 0
w 528 -144 576 16 0
w 640 -240 448 -240 0
162 640 -240 640 -208 2 default-led 1 0 0 0.01
w 640 -240 672 -240 0
w 672 -176 640 -176 0
w 640 -176 592 -176 0
r 640 -208 640 -176 0 1000
r 416 -208 416 -176 0 1000
w 416 -176 368 -176 0
w 448 -176 416 -176 0
w 416 -240 448 -240 0
162 416 -240 416 -208 2 default-led 1 0 0 0.01
w 416 -240 224 -240 0
w 304 -144 368 16 0
w 448 16 384 -144 0
r 448 -176 448 -240 0 10000
w 304 -48 528 -48 0
d 304 -144 304 -48 2 1N4148
g 224 -144 224 -128 0 0
v 224 -144 224 -240 0 0 40 12 0 0 0.5
w 272 -80 384 -80 0
g 448 -128 448 -112 0 0
g 368 -128 368 -112 0 0
d 384 -144 384 -80 2 1N4148
d 384 -144 416 -144 2 1N4148
d 304 -144 336 -144 2 1N4148
w 368 -160 368 -176 0
w 448 -160 448 -176 0
t 336 -144 368 -144 0 1 -11.530472365860781 0.442556832136871 100 default
t 416 -144 448 -144 0 1 -11.901194679674973 0.07183451832267962 100 default
g 304 16 304 32 0 0
r 368 16 176 208 0 100000
r 448 16 368 208 0 100000
r 576 16 560 176 0 100000
r 672 16 752 176 0 100000
r 816 16 928 176 0 100000
r 896 16 1120 176 0 100000
r 1040 16 1312 176 0 100000
r 1136 16 1504 176 0 100000
t 0 384 48 384 0 1 -11.397298589394296 0.4411099679987832 100 default
t 0 464 48 464 0 1 0.5555077924820633 0.5735918482827 100 default
d 48 400 48 448 2 default
g 48 480 48 496 0 0
t -48 448 0 448 0 1 0.5373560112724312 0.566465573595434 100 default
w 0 432 0 384 0
r 0 384 -80 384 0 100000
r 0 464 0 512 0 100000
g 0 512 0 528 0 0
w -80 384 -80 96 0
w -80 96 0 96 0
w -368 256 -432 256 0
w -368 256 -320 256 0
w -368 448 -368 256 0
w -320 448 -368 448 0
r -320 496 -320 448 0 100000
g -272 512 -272 528 0 0
g -320 528 -320 544 0 0
t -352 512 -320 512 0 1 0.4902980710907858 0.5471069212790544 100 default
w -320 256 -208 256 0
r -320 368 -320 256 0 100000
w -384 384 -352 384 0
w -384 352 -384 384 0
w -432 352 -384 352 0
g -320 400 -320 416 0 0
t -352 384 -320 384 0 1 -0.16423377574960357 0.40345368526400843 100 default
w -208 352 -208 480 0
w -208 352 -272 352 0
w -208 336 -208 352 0
c -432 352 -464 368 0 2.2000000000000003e-9 -0.15388280760504242 0.001
r -144 256 -144 320 0 100000
w -144 256 -208 256 0
r -208 336 -208 256 0 100000
g -144 352 -144 368 0 0
t -208 336 -144 336 0 1 -1.1109186929456318 0.029138728932502345 100 default
w -208 480 -272 480 0
g -272 384 -272 400 0 0
r -528 512 -528 400 0 100000
w -576 256 -528 256 0
t -528 400 -496 400 0 1 0.49029807107663986 0.5471069214136902 100 default
t -496 384 -464 384 0 1 -0.5005276425320004 0.056808850337050375 100 default
t -464 368 -432 368 0 1 0.15388280760504242 0.5573364928690508 100 default
w -432 256 -464 256 0
w -464 256 -496 256 0
v -624 496 -624 256 0 0 40 12 0 0 0.5
g -496 416 -496 432 0 0
g -464 400 -464 416 0 0
g -432 384 -432 400 0 0
g -624 496 -624 512 0 0
w -496 256 -528 256 0
w -576 256 -624 256 0
r -432 352 -432 256 0 100000
r -464 368 -464 256 0 100000
r -496 384 -496 256 0 100000
r -528 512 -352 512 0 100000
t -320 496 -272 496 0 1 0.027670121255766195 0.05680885018826854 100 default
t -320 368 -272 368 0 1 0.5385487320811096 0.567687461013612 100 default
g -528 672 -528 688 0 0
v -528 672 -528 512 0 1 4000 5 0 0 0.5
w -144 320 -112 320 0
w -112 320 -112 448 0
w -112 448 -48 448 0
t -160 608 -208 608 0 1 -0.029138728932502345 0 100 default
w -208 480 -208 592 0
g -208 624 -208 640 0 0
r -160 608 -160 448 0 100000
w -160 448 -80 384 0
s -160 608 -48 608 0 0 false
g -48 608 -48 624 0 0
o 26 1 0 4107 20 0.0015625 0 2 26 3
o 353 1 0 4099 0.625 0.00078125 1 2 353 3
o 385 1 0 4099 5 0.00078125 2 2 385 3
