$ 1 0.000005 0.08119363461506351 70 5 43 5e-11
t -224 368 -176 368 0 1 0.5380383228629755 0.5673575640064293 100 default
t -224 496 -176 496 0 1 0.16666488581059752 0.1959841269540514 100 default
g -176 512 -176 544 0 0
r -432 496 -224 496 0 100000
r -400 384 -400 256 0 100000
r -368 368 -368 256 0 100000
r -336 352 -336 256 0 100000
w -480 256 -528 256 0
w -400 256 -432 256 0
g -528 496 -528 512 0 0
g -336 384 -336 400 0 0
g -368 400 -368 416 0 0
g -400 416 -400 432 0 0
v -528 496 -528 256 0 0 40 12 0 0 0.5
w -368 256 -400 256 0
w -336 256 -368 256 0
t -368 368 -336 368 0 1 -0.5380533307176996 0.02930423328872982 100 default
t -400 384 -368 384 0 1 0.5386779573521808 0.5679821906409106 100 default
t -432 400 -400 400 0 1 -0.37199172292717747 0.19599046771373313 100 default
w -480 256 -432 256 0
r -432 496 -432 400 0 100000
r -720 464 -752 464 0 100
w -848 400 -800 400 0
v -848 560 -848 400 0 0 40 12 0 0 0.5
g -848 560 -848 576 0 0
w -800 400 -752 400 0
w -688 448 -640 448 0
g -752 560 -752 576 0 0
r -752 512 -752 560 0 100
w -752 400 -688 400 0
r -752 464 -752 400 0 100000
r -688 448 -688 400 0 10000
w -688 512 -688 480 0
w -720 512 -688 512 0
w -752 512 -752 496 0
w -720 512 -752 512 0
t -720 464 -688 464 0 1 0.5374154861897154 0.6041106772036681 200 default
t -800 480 -752 480 0 1 -4.966300558828911 -4.350934543633563 200 default
v -800 688 -800 528 0 1 4000 5 0 0 0.5
g -800 688 -800 704 0 0
w -336 352 -224 352 0
w -432 496 -432 544 0
w -432 544 -640 544 0
w -640 544 -640 448 0
r -800 480 -800 528 0 100000
w -112 256 -336 256 0
g -176 384 -176 400 0 0
w -112 480 -176 480 0
t -112 336 -48 336 0 1 -0.5384565907143755 0.029319241143453884 100 default
g -48 352 -48 368 0 0
r -112 336 -112 256 0 100000
w -48 256 -112 256 0
r -48 256 -48 320 0 100000
c -336 352 -368 368 0 1e-9 0.5380533307176996 0.001
w -48 320 0 320 0
c -336 736 -368 752 0 1e-9 1.0893232650803732 0.001
w -432 928 -640 928 0
w -432 880 -432 928 0
w -336 736 -240 736 0
r -432 880 -432 784 0 100000
w -480 640 -432 640 0
t -432 784 -400 784 0 1 -0.3717567390792631 0.19599046769034878 100 default
t -400 768 -368 768 0 1 0.5386857672004934 0.5677472067696119 100 default
t -368 752 -336 752 0 1 -1.0893232650803732 0.02906143956911847 100 default
w -336 640 -368 640 0
w -368 640 -400 640 0
g -400 800 -400 816 0 0
g -368 784 -368 800 0 0
g -336 768 -336 784 0 0
w -400 640 -432 640 0
r -336 736 -336 640 0 100000
r -368 752 -368 640 0 100000
r -400 768 -400 640 0 100000
r -432 880 -224 880 0 100000
g -176 896 -176 928 0 0
t -224 880 -176 880 0 1 -0.3846222517394726 0.19599046897689062 100 default
t -224 848 -176 848 0 1 0.5380293022563057 0.5377719839331284 100 default
w -640 544 -640 928 0
w -240 736 -240 848 0
r -176 832 -176 640 0 100000
w -176 640 -336 640 0
w -176 832 -80 832 0
w -480 640 -480 256 0
t -80 832 16 832 0 1 0.5561459622242183 0.580355402393186 100 default
g 16 848 16 880 0 0
r 16 816 16 640 0 100000
r 48 304 48 256 0 100000
g 48 336 48 368 0 0
t 0 320 48 320 0 1 0.5386848649251594 0.5677758318578293 100 default
w 16 640 -176 640 0
w 48 256 -48 256 0
w -112 336 -112 352 0
w -112 352 -176 352 0
w -112 352 -112 480 0
w -224 352 -224 368 0
w -240 848 -224 848 0
o 54 1 0 4099 2.5 0.0001953125 0 2 54 3
o 81 1 0 4099 2.5 0.00078125 1 2 81 3
o 91 1 0 4099 0.625 0.00078125 2 2 91 3
