$ 1 0.000005 0.23988752939670982 70 5 43 5e-11
t -224 464 -176 464 0 1 -11.970906611447697 0.011162714297130547 100 default
t -224 496 -176 496 0 1 0.534279422123127 0.552207675683885 100 default
g -176 512 -176 544 0 0
w -48 448 -176 448 0
r -432 496 -224 496 0 100000
r -400 384 -400 256 0 100000
r -368 368 -368 256 0 100000
r -336 352 -336 256 0 100000
w -480 256 -528 256 0
w -400 256 -432 256 0
g -528 496 -528 512 0 0
g -336 384 -336 400 0 0
g -368 400 -368 416 0 0
g -400 416 -400 432 0 0
v -528 496 -528 256 0 0 40 12 0 0 0.5
w -368 256 -400 256 0
w -336 256 -368 256 0
t -368 368 -336 368 0 1 0.5386848648915304 0.567775832749419 100 default
t -400 384 -368 384 0 1 -0.5369139225384869 0.030861910210932146 100 default
t -432 400 -400 400 0 1 0.5339183502785686 0.5647802604895007 100 default
w -224 464 -224 352 0
w -480 256 -432 256 0
r -432 496 -432 400 0 100000
r -720 464 -752 464 0 100
w -848 400 -800 400 0
v -848 560 -848 400 0 0 40 12 0 0 0.5
g -848 560 -848 576 0 0
w -800 400 -752 400 0
w -688 448 -640 448 0
g -752 560 -752 576 0 0
r -752 512 -752 560 0 100
w -752 400 -688 400 0
r -752 464 -752 400 0 100000
r -688 448 -688 400 0 10000
w -688 512 -688 480 0
w -720 512 -688 512 0
w -752 512 -752 496 0
w -720 512 -752 512 0
t -720 464 -688 464 0 1 -10.024083359536837 0.05522015245996301 200 default
t -800 480 -752 480 0 1 0.49213227953212246 0.5473524309800757 200 default
v -800 688 -800 528 0 1 4000 5 0 0 0.5
g -800 688 -800 704 0 0
w -336 352 -224 352 0
w -432 496 -432 544 0
w -432 544 -640 544 0
w -640 544 -640 448 0
r -800 480 -800 528 0 100000
r -176 448 -176 256 0 100000
w -176 256 -336 256 0
o 3 1 0 4107 20 0.00009765625 0 2 3 3
