$ 1 0.000005 0 47 5 43 5e-11
v 0 272 0 96 0 0 40 3 0 0 0.5
r 176 96 176 176 0 10000
r 368 96 368 176 0 10000
t 208 240 176 240 0 1 0.4851244080822533 0.5827815397877509 100 default
t 336 240 368 240 0 1 -2.4936043628522118 0.09765734715103873 100 default
r 240 208 176 208 0 100000
r 368 208 304 208 0 100000
w 176 208 176 224 0
w 176 208 176 176 0
w 368 176 368 208 0
w 368 208 368 224 0
w 240 240 304 208 0
w 304 240 240 208 0
w 176 96 368 96 0
w 368 256 368 272 0
w 368 272 176 272 0
w 176 272 176 256 0
w 0 272 176 272 0
t 208 320 240 320 0 1 -0.5649501374009238 0.01783140238682717 100 default
t 320 320 352 320 0 1 -0.0959457809937646 0.001711566157274118 100 default
g 240 336 240 352 0 0
g 352 336 352 352 0 0
r 208 320 208 448 0 100000
s 48 448 112 448 0 1 false
w 0 96 48 96 0
r 272 320 272 448 0 100000
w 208 448 272 448 0
w 208 448 112 448 0
w 48 96 48 368 0
t 144 336 176 336 0 1 0.49702069849580316 0.5148521008826303 100 default
w 176 320 208 320 0
g 176 352 176 368 0 0
d 224 288 144 288 2 1N4148
w 224 288 272 288 0
r 144 288 144 336 0 100000
w 144 288 128 288 0
s 64 304 112 304 0 1 false
g 64 304 64 320 0 0
g 0 272 0 288 0 0
w 112 304 112 288 0
w 112 288 128 288 0
w 48 448 48 368 0
r 112 448 112 400 0 10000
g 160 400 160 416 0 0
w 160 400 112 400 0
w 272 320 272 288 0
d 272 320 320 320 2 1N4148
162 128 160 128 208 2 default-led 1 0 0 0.01
r 128 160 128 96 0 5000
w 48 96 128 96 0
w 128 96 176 96 0
w 128 208 176 208 0
w 240 304 240 240 0
w 240 240 208 240 0
w 304 288 304 240 0
w 304 240 336 240 0
t 144 32 176 32 0 1 0.014638194310011303 0.01793289374533712 100 default
w 176 16 288 16 0
w 0 -96 0 96 0
t 144 -32 176 -32 0 1 -2.9819504100920193 0.014718944910869504 100 default
w 112 -32 144 -32 0
t 112 48 144 48 0 1 0.4948622412165834 0.5127951349619205 100 default
w 176 48 176 64 0
w 176 64 144 64 0
g 176 64 208 64 0 0
w 144 -96 176 -96 0
r 64 48 112 48 0 100000
w 64 48 64 -32 0
d 112 -32 64 -32 2 1N4148
r 144 0 96 0 0 10000
w 96 0 96 -64 0
w 144 0 144 32 0
r 144 -64 96 -64 0 10000
w 144 -64 144 -32 0
w 96 -64 96 -128 0
s 16 -128 96 -128 0 1 false
w 0 -96 16 -96 0
w 16 -96 16 -128 0
w 16 -96 144 -96 0
w 64 48 64 80 0
w 64 80 224 80 0
w 224 80 224 176 0
w 224 176 368 176 0
w 608 176 752 176 0
w 608 80 608 176 0
w 448 80 608 80 0
w 448 48 448 80 0
w 176 -96 560 -96 0
w 480 -64 480 -128 0
w 528 -64 528 -32 0
r 528 -64 480 -64 0 10000
w 528 0 528 32 0
w 480 0 480 -64 0
r 528 0 480 0 0 10000
w 448 48 448 -32 0
r 448 48 496 48 0 100000
g 560 64 592 64 0 0
w 560 64 528 64 0
w 560 48 560 64 0
t 496 48 528 48 0 1 0.056097227552068925 0.07410326369556343 100 default
w 496 -32 528 -32 0
t 528 -32 560 -32 0 1 -2.981964366157845 0.014644582539383628 100 default
w 560 16 672 16 0
t 528 32 560 32 0 1 0.014650910724192842 0.018006036143494504 100 default
w 688 240 720 240 0
w 688 288 688 240 0
w 624 240 592 240 0
w 624 304 624 240 0
w 512 208 560 208 0
w 512 96 560 96 0
w 432 96 512 96 0
r 512 160 512 96 0 5000
162 512 160 512 208 2 default-led 1 0 0 0.01
w 656 320 656 288 0
w 544 400 496 400 0
g 544 400 544 416 0 0
r 496 448 496 400 0 10000
r 496 304 496 368 0 10000
w 496 288 512 288 0
w 496 304 496 288 0
g 448 304 448 320 0 0
s 448 304 496 304 0 1 false
w 528 288 512 288 0
w 432 368 496 368 0
r 528 288 528 336 0 100000
w 608 288 656 288 0
d 608 288 528 288 2 1N4148
g 560 352 560 368 0 0
w 560 320 592 320 0
t 528 336 560 336 0 1 0.4970206985047555 0.5148521005886338 100 default
w 432 96 432 368 0
w 592 448 496 448 0
w 592 448 656 448 0
r 656 320 656 448 0 100000
w 368 96 432 96 0
r 592 320 592 448 0 100000
g 736 336 736 352 0 0
g 624 336 624 352 0 0
t 704 320 736 320 0 1 -0.5651883975663757 0.001716957091147879 100 default
t 592 320 624 320 0 1 -0.05627218448259358 0.017831402083878328 100 default
w 368 272 560 272 0
w 560 272 560 256 0
w 752 272 560 272 0
w 752 256 752 272 0
w 560 96 752 96 0
w 688 240 624 208 0
w 624 240 688 208 0
w 752 208 752 224 0
w 752 176 752 208 0
w 560 208 560 176 0
w 560 208 560 224 0
r 752 208 688 208 0 100000
r 624 208 560 208 0 100000
t 720 240 752 240 0 1 0.4928020061413109 0.5669053546575236 100 default
t 592 240 560 240 0 1 -2.7047134653365132 0.07410358656647191 100 default
r 752 96 752 176 0 10000
r 560 96 560 176 0 10000
w 480 -128 96 -128 0
w 496 448 272 448 0
w 976 176 1120 176 0
w 976 80 976 176 0
w 816 80 976 80 0
w 816 48 816 80 0
w 848 -64 848 -128 0
w 896 -64 896 -32 0
r 896 -64 848 -64 0 10000
w 896 0 896 32 0
w 848 0 848 -64 0
r 896 0 848 0 0 10000
w 816 48 816 -32 0
r 816 48 864 48 0 100000
w 560 -96 928 -96 0
g 928 64 960 64 0 0
w 928 64 896 64 0
w 928 48 928 64 0
t 864 48 896 48 0 1 0.4948622412165835 0.5127951349619206 100 default
w 864 -32 896 -32 0
t 896 -32 928 -32 0 1 -2.9819504100920193 0.014718944834999657 100 default
w 928 16 1040 16 0
t 896 32 928 32 0 1 0.014638194234134653 0.017932893745337124 100 default
w 1056 240 1088 240 0
w 1056 288 1056 240 0
w 992 240 960 240 0
w 992 304 992 240 0
w 880 208 928 208 0
w 880 96 928 96 0
w 800 96 880 96 0
r 880 160 880 96 0 5000
162 880 160 880 208 2 default-led 1 0 0 0.01
w 1024 320 1024 288 0
w 912 400 864 400 0
g 912 400 912 416 0 0
r 864 448 864 400 0 10000
r 864 304 864 368 0 10000
w 864 288 880 288 0
w 864 304 864 288 0
g 816 304 816 320 0 0
s 816 304 864 304 0 1 false
w 896 288 880 288 0
w 800 368 864 368 0
r 896 288 896 336 0 100000
w 976 288 1024 288 0
d 976 288 896 288 2 1N4148
g 928 352 928 368 0 0
w 928 320 960 320 0
t 896 336 928 336 0 1 0.4970206984957773 0.5148521008826046 100 default
w 800 96 800 368 0
w 960 448 864 448 0
w 960 448 1024 448 0
r 1024 320 1024 448 0 100000
w 752 96 800 96 0
r 960 320 960 448 0 100000
g 1104 336 1104 352 0 0
g 992 336 992 352 0 0
t 1072 320 1104 320 0 1 -0.09594578099201631 0.001711566159037953 100 default
t 960 320 992 320 0 1 -0.5649501374009296 0.017831402386827278 100 default
w 752 272 928 272 0
w 928 272 928 256 0
w 1120 272 928 272 0
w 1120 256 1120 272 0
w 928 96 1120 96 0
w 1056 240 992 208 0
w 992 240 1056 208 0
w 1120 208 1120 224 0
w 1120 176 1120 208 0
w 928 208 928 176 0
w 928 208 928 224 0
r 1120 208 1056 208 0 100000
r 992 208 928 208 0 100000
t 1088 240 1120 240 0 1 -2.4936043628521976 0.09765734715105426 100 default
t 960 240 928 240 0 1 0.4851244080822437 0.5827815397877568 100 default
r 1120 96 1120 176 0 10000
r 928 96 928 176 0 10000
w 848 -128 480 -128 0
w 864 448 656 448 0
w 1360 176 1504 176 0
w 1360 80 1360 176 0
w 1200 80 1360 80 0
w 1200 48 1200 80 0
w 1232 -64 1232 -128 0
w 1280 -64 1280 -32 0
r 1280 -64 1232 -64 0 10000
w 1280 0 1280 32 0
w 1232 0 1232 -64 0
r 1280 0 1232 0 0 10000
w 1200 48 1200 -32 0
r 1200 48 1248 48 0 100000
w 928 -96 1312 -96 0
g 1312 64 1344 64 0 0
w 1312 64 1280 64 0
w 1312 48 1312 64 0
t 1248 48 1280 48 0 1 0.056097227559171306 0.07410326369997217 100 default
w 1248 -32 1280 -32 0
t 1280 -32 1312 -32 0 1 -2.981964366157777 0.01470122268130113 100 default
w 1312 16 1424 16 0
t 1280 32 1312 32 0 1 0.014671626355727448 0.018006036140800857 100 default
w 1440 240 1472 240 0
w 1440 288 1440 240 0
w 1376 240 1344 240 0
w 1376 304 1376 240 0
w 1264 208 1312 208 0
w 1264 96 1312 96 0
w 1184 96 1264 96 0
r 1264 160 1264 96 0 5000
162 1264 160 1264 208 2 default-led 1 0 0 0.01
w 1408 320 1408 288 0
w 1296 400 1248 400 0
g 1296 400 1296 416 0 0
r 1248 448 1248 400 0 10000
r 1248 304 1248 368 0 10000
w 1248 288 1264 288 0
w 1248 304 1248 288 0
g 1200 304 1200 320 0 0
s 1200 304 1248 304 0 0 false
w 1280 288 1264 288 0
w 1184 368 1248 368 0
r 1280 288 1280 336 0 100000
w 1360 288 1408 288 0
d 1360 288 1280 288 2 1N4148
g 1312 352 1312 368 0 0
w 1312 320 1344 320 0
t 1280 336 1312 336 0 1 -0.0012741706937471657 6.081034930189545e-10 100 default
w 1184 96 1184 368 0
w 1344 448 1248 448 0
w 1344 448 1408 448 0
r 1408 320 1408 448 0 100000
w 1120 96 1184 96 0
r 1344 320 1344 448 0 100000
g 1488 336 1488 352 0 0
g 1376 336 1376 352 0 0
t 1456 320 1488 320 0 1 -0.5656348851569841 0.0012704695058468546 100 default
t 1344 320 1376 320 0 1 -0.07282942196001572 0.0012741713018506588 100 default
w 1120 272 1312 272 0
w 1312 272 1312 256 0
w 1504 272 1312 272 0
w 1504 256 1504 272 0
w 1312 96 1504 96 0
w 1440 240 1376 208 0
w 1376 240 1440 208 0
w 1504 208 1504 224 0
w 1504 176 1504 208 0
w 1312 208 1312 176 0
w 1312 208 1312 224 0
r 1504 208 1440 208 0 100000
r 1376 208 1312 208 0 100000
t 1472 240 1504 240 0 1 0.4928020061422096 0.566905354662831 100 default
t 1344 240 1312 240 0 1 -2.704713458641595 0.07410359326186639 100 default
r 1504 96 1504 176 0 10000
r 1312 96 1312 176 0 10000
w 1232 -128 848 -128 0
w 1024 448 1248 448 0
162 288 16 336 16 2 default-led 1 0 0 0.01
162 672 16 720 16 2 default-led 1 0 0 0.01
162 1040 16 1088 16 2 default-led 1 0 0 0.01
162 1424 16 1472 16 2 default-led 1 0 0 0.01
r 1088 16 1088 -32 0 1000
r 720 16 720 -32 0 1000
r 336 16 336 -32 0 1000
r 1472 16 1472 -32 0 1000
g 336 -32 352 -32 0 0
g 720 -32 736 -32 0 0
g 1088 -32 1104 -32 0 0
g 1472 -32 1488 -32 0 0
r 112 304 112 368 0 10000
w 112 368 48 368 0
r 176 -96 176 -48 0 220
r 560 -96 560 -48 0 220
r 928 -96 928 -48 0 220
r 1312 -96 1312 -48 0 220
w 1312 -16 1312 16 0
d 176 -16 176 16 2 1N4148
d 560 -16 560 16 2 1N4148
d 928 -16 928 16 2 1N4148
d 496 -32 448 -32 2 1N4148
d 1248 -32 1200 -32 2 1N4148
d 864 -32 816 -32 2 1N4148
d 656 320 704 320 2 1N4148
d 1024 320 1072 320 2 1N4148
d 1408 320 1456 320 2 1N4148
w 304 288 352 288 0
w 352 288 352 304 0
w 688 288 736 288 0
w 736 288 736 304 0
w 1056 288 1104 288 0
w 1104 288 1104 304 0
w 1440 288 1488 288 0
w 1488 288 1488 304 0
o 57 1 0 4107 10 0.0125 0 2 57 3
o 102 1 0 4107 10 0.0125 1 2 102 3
