$ 1 0.000005 10.20027730826997 59 5 43 5e-11
t 336 256 368 256 0 1 0.5981049034972676 0.6272436999347629 100 default
t 304 256 272 256 0 1 -0.5981049034972676 0.029138796437495246 100 default
w 304 256 368 224 0
w 336 256 272 224 0
w 272 224 272 240 0
w 368 224 368 240 0
r 368 224 368 176 0 10000
r 272 224 272 176 0 10000
t 240 256 272 256 0 1 -0.5892637628530061 0.03797993708175688 100 default
t 400 256 368 256 0 1 -0.002630356759324059 0.026508439678171188 100 default
g 272 272 272 288 0 0
g 368 272 368 288 0 0
g 416 336 416 352 0 0
t 384 320 416 320 0 1 0.01147149740358569 0.03797993708175688 100 default
r 416 256 416 176 0 10000
r 224 256 224 176 0 10000
w 224 176 272 176 0
w 368 176 416 176 0
v 16 288 16 176 0 0 40 12 0 0 0.5
g 16 288 16 304 0 0
s 256 480 320 480 0 1 false
g 256 480 256 496 0 0
w 16 176 -64 176 0
w -64 176 -64 416 0
w -64 416 272 416 0
r 272 416 272 352 0 2200
t 432 224 480 224 0 1 -11.948606042706931 0.011210544321283194 100 default
g 480 272 480 288 0 0
r 480 176 416 176 0 1000
162 480 176 480 208 2 default-led 1 0 0 0.01
t 144 272 192 272 0 1 0.4535597724621166 0.4915397095438735 100 default
g 192 288 192 304 0 0
w 224 256 192 256 0
r 80 272 80 176 0 10000
w 16 176 80 176 0
w 80 176 224 176 0
s 80 304 80 352 0 1 false
g 80 352 80 368 0 0
t 448 256 480 256 0 1 0.5805157635712361 0.5984440156874482 100 default
w 448 256 448 416 0
r 448 416 272 416 0 10000
s 384 480 448 480 0 1 false
g 384 480 384 496 0 0
t 384 304 384 272 0 1 0.6064256918861999 0.6329341315643711 100 default
t 256 304 256 272 1 1 0.5949541944826142 0.6329341315643711 100 default
w 400 256 400 272 0
w 240 256 240 272 0
w 240 256 224 256 0
w 256 304 320 304 0
w 320 304 384 304 0
w 400 256 416 256 0
w 416 256 416 304 0
w 384 320 224 320 0
w 224 320 224 256 0
w 368 224 432 224 0
w 272 176 320 176 0
w 320 176 368 176 0
w 320 352 320 304 0
w 320 -64 368 -64 0
w 272 -64 320 -64 0
w 368 -16 432 -16 0
w 224 80 224 16 0
w 384 80 224 80 0
w 416 16 416 64 0
w 400 16 416 16 0
w 320 64 384 64 0
w 256 64 320 64 0
w 240 16 224 16 0
w 240 16 240 32 0
w 400 16 400 32 0
t 256 64 256 32 1 1 0.5949541944826142 0.6329341315643711 100 default
t 384 64 384 32 0 1 0.6064256918861999 0.6329341315643711 100 default
w 448 16 448 256 0
t 448 16 480 16 0 1 0.5805157635712365 0.5984440156874482 100 default
w 80 -64 224 -64 0
w -64 -64 80 -64 0
w 224 16 192 16 0
162 480 -64 480 -32 2 default-led 1 0 0 0.01
r 480 -64 416 -64 0 1000
g 480 32 480 48 0 0
t 432 -16 480 -16 0 1 -11.948594458535775 0.011210544321283551 100 default
w 368 -64 416 -64 0
w 224 -64 272 -64 0
r 224 16 224 -64 0 10000
r 416 16 416 -64 0 10000
t 384 80 416 80 0 1 0.01147149740358571 0.03797993708175688 100 default
g 416 96 416 112 0 0
g 368 32 368 48 0 0
g 272 32 272 48 0 0
t 400 16 368 16 0 1 -0.0026303567593241525 0.026508439678171167 100 default
t 240 16 272 16 0 1 -0.5892637628530057 0.03797993708175688 100 default
r 272 -16 272 -64 0 10000
r 368 -16 368 -64 0 10000
w 368 -16 368 0 0
w 272 -16 272 0 0
w 336 16 272 -16 0
w 304 16 368 -16 0
t 304 16 272 16 0 1 -0.5981049034972673 0.02913879643749532 100 default
t 336 16 368 16 0 1 0.5981049034972673 0.6272436999347626 100 default
w -64 -64 -64 176 0
w 320 304 320 64 0
w 320 480 320 352 0
w 320 352 272 352 0
w 448 480 448 416 0
w 80 272 80 304 0
d 80 272 144 272 2 default
d 144 304 80 304 2 default
d 144 240 192 240 2 default
w 192 240 192 256 0
w 144 240 144 272 0
w 144 272 144 304 0
w 144 32 144 64 0
w 144 0 144 32 0
d 144 0 192 0 2 default
d 144 64 80 64 2 default
d 80 32 144 32 2 default
w 80 32 80 64 0
g 80 112 80 128 0 0
s 80 64 80 112 0 1 false
r 80 32 80 -64 0 10000
g 192 48 192 64 0 0
t 144 32 192 32 0 1 0.4535597724621166 0.4915397095438735 100 default
w 192 0 192 16 0
