$ 1 0.000005 0 47 5 43 5e-11
v 0 272 0 96 0 0 40 3 0 0 0.5
r 176 96 176 176 0 10000
r 368 96 368 176 0 10000
t 208 240 176 240 0 1 -0.1819740436439744 0.5714523288995752 100 default
t 336 240 368 240 0 1 -0.4112626646995007 0.5538771496970137 100 default
r 240 208 176 208 0 100000
r 368 208 304 208 0 100000
w 176 208 176 224 0
w 176 208 176 176 0
w 368 176 368 208 0
w 368 208 368 224 0
w 240 240 304 208 0
w 304 240 240 208 0
w 176 96 368 96 0
w 368 256 368 272 0
w 368 272 176 272 0
w 176 272 176 256 0
w 0 272 176 272 0
t 208 320 240 320 0 1 -0.5536209265002737 0.017831402399301515 100 default
t 320 320 352 320 0 1 -0.5521603382335128 0.0017168114635008566 100 default
g 240 336 240 352 0 0
g 352 336 352 352 0 0
r 208 320 208 448 0 100000
s 48 448 112 448 0 1 false
w 0 96 48 96 0
r 272 320 272 448 0 100000
w 208 448 272 448 0
w 208 448 112 448 0
w 48 96 48 368 0
t 144 336 176 336 0 1 0.497020698495448 0.5148521008947495 100 default
w 176 320 208 320 0
g 176 352 176 368 0 0
d 224 288 144 288 2 1N4148
w 224 288 272 288 0
r 144 288 144 336 0 100000
w 144 288 128 288 0
s 64 304 112 304 0 1 false
g 64 304 64 320 0 0
g 0 272 0 288 0 0
w 112 304 112 288 0
w 112 288 128 288 0
w 48 448 48 368 0
r 112 448 112 400 0 10000
g 160 400 160 416 0 0
w 160 400 112 400 0
w 272 320 272 288 0
d 272 320 320 320 2 1N4148
162 128 160 128 208 2 default-led 1 0 0 0.01
r 128 160 128 96 0 5000
w 48 96 128 96 0
w 128 96 176 96 0
w 128 208 176 208 0
w 240 304 240 240 0
w 240 240 208 240 0
w 304 288 304 240 0
w 304 240 336 240 0
w 688 240 720 240 0
w 688 288 688 240 0
w 624 240 592 240 0
w 624 304 624 240 0
w 512 208 560 208 0
w 512 96 560 96 0
w 432 96 512 96 0
r 512 160 512 96 0 5000
162 512 160 512 208 2 default-led 1 0 0 0.01
w 656 320 656 288 0
w 544 400 496 400 0
g 544 400 544 416 0 0
r 496 448 496 400 0 10000
r 496 304 496 368 0 10000
w 496 288 512 288 0
w 496 304 496 288 0
g 448 304 448 320 0 0
s 448 304 496 304 0 1 false
w 528 288 512 288 0
w 432 368 496 368 0
r 528 288 528 336 0 100000
w 608 288 656 288 0
d 608 288 528 288 2 1N4148
g 560 352 560 368 0 0
w 560 320 592 320 0
t 528 336 560 336 0 1 0.4970206985041904 0.5148521006071429 100 default
w 432 96 432 368 0
w 592 448 496 448 0
w 592 448 656 448 0
r 656 320 656 448 0 100000
w 368 96 432 96 0
r 592 320 592 448 0 100000
g 736 336 736 352 0 0
g 624 336 624 352 0 0
t 704 320 736 320 0 1 -0.5651886190133122 0.0017169603677706334 100 default
t 592 320 624 320 0 1 -0.05627245143308829 0.017831402102952556 100 default
w 368 272 560 272 0
w 560 272 560 256 0
w 752 272 560 272 0
w 752 256 752 272 0
w 560 96 752 96 0
w 688 240 624 208 0
w 624 240 688 208 0
w 752 208 752 224 0
w 752 176 752 208 0
w 560 208 560 176 0
w 560 208 560 224 0
r 752 208 688 208 0 100000
r 624 208 560 208 0 100000
t 720 240 752 240 0 1 0.4928019638951813 0.5669055793810828 100 default
t 592 240 560 240 0 1 -2.704713218743398 0.07410385353604085 100 default
r 752 96 752 176 0 10000
r 560 96 560 176 0 10000
w 496 448 272 448 0
w 1056 240 1088 240 0
w 1056 288 1056 240 0
w 992 240 960 240 0
w 992 304 992 240 0
w 880 208 928 208 0
w 880 96 928 96 0
w 800 96 880 96 0
r 880 160 880 96 0 5000
162 880 160 880 208 2 default-led 1 0 0 0.01
w 1024 320 1024 288 0
w 912 400 864 400 0
g 912 400 912 416 0 0
r 864 448 864 400 0 10000
r 864 304 864 368 0 10000
w 864 288 880 288 0
w 864 304 864 288 0
g 816 304 816 320 0 0
s 816 304 864 304 0 1 false
w 896 288 880 288 0
w 800 368 864 368 0
r 896 288 896 336 0 100000
w 976 288 1024 288 0
d 976 288 896 288 2 1N4148
g 928 352 928 368 0 0
w 928 320 960 320 0
t 896 336 928 336 0 1 0.49702069849540753 0.5148521008947089 100 default
w 800 96 800 368 0
w 960 448 864 448 0
w 960 448 1024 448 0
r 1024 320 1024 448 0 100000
w 752 96 800 96 0
r 960 320 960 448 0 100000
g 1104 336 1104 352 0 0
g 992 336 992 352 0 0
t 1072 320 1104 320 0 1 -0.5521603382342631 0.0017168114627241246 100 default
t 960 320 992 320 0 1 -0.5536209265004335 0.01783140239930135 100 default
w 752 272 928 272 0
w 928 272 928 256 0
w 1120 272 928 272 0
w 1120 256 1120 272 0
w 928 96 1120 96 0
w 1056 240 992 208 0
w 992 240 1056 208 0
w 1120 208 1120 224 0
w 1120 176 1120 208 0
w 928 208 928 176 0
w 928 208 928 224 0
r 1120 208 1056 208 0 100000
r 992 208 928 208 0 100000
t 1088 240 1120 240 0 1 -0.4112626647013996 0.5538771496969873 100 default
t 960 240 928 240 0 1 -0.18197404364366243 0.5714523288997349 100 default
r 1120 96 1120 176 0 10000
r 928 96 928 176 0 10000
w 864 448 656 448 0
w 1440 240 1472 240 0
w 1440 288 1440 240 0
w 1376 240 1344 240 0
w 1376 304 1376 240 0
w 1264 208 1312 208 0
w 1264 96 1312 96 0
w 1184 96 1264 96 0
r 1264 160 1264 96 0 5000
162 1264 160 1264 208 2 default-led 1 0 0 0.01
w 1408 320 1408 288 0
w 1296 400 1248 400 0
g 1296 400 1296 416 0 0
r 1248 448 1248 400 0 10000
r 1248 304 1248 368 0 10000
w 1248 288 1264 288 0
w 1248 304 1248 288 0
g 1200 304 1200 320 0 0
s 1200 304 1248 304 0 0 false
w 1280 288 1264 288 0
w 1184 368 1248 368 0
r 1280 288 1280 336 0 100000
w 1360 288 1408 288 0
d 1360 288 1280 288 2 1N4148
g 1312 352 1312 368 0 0
w 1312 320 1344 320 0
t 1280 336 1312 336 0 1 -0.001274224301315465 6.08128583399622e-10 100 default
w 1184 96 1184 368 0
w 1344 448 1248 448 0
w 1344 448 1408 448 0
r 1408 320 1408 448 0 100000
w 1120 96 1184 96 0
r 1344 320 1344 448 0 100000
g 1488 336 1488 352 0 0
g 1376 336 1376 352 0 0
t 1456 320 1488 320 0 1 -0.5526068259509206 0.00127032386050778 100 default
t 1344 320 1376 320 0 1 -0.5701781039736611 0.0012742249094440483 100 default
w 1120 272 1312 272 0
w 1312 272 1312 256 0
w 1504 272 1312 272 0
w 1504 256 1504 272 0
w 1312 96 1504 96 0
w 1440 240 1376 208 0
w 1376 240 1440 208 0
w 1504 208 1504 224 0
w 1504 176 1504 208 0
w 1312 208 1312 176 0
w 1312 208 1312 224 0
r 1504 208 1440 208 0 100000
r 1376 208 1312 208 0 100000
t 1472 240 1504 240 0 1 -0.411262656558944 0.5538771498114283 100 default
t 1344 240 1312 240 0 1 -0.1819740445194007 0.5714523288831052 100 default
r 1504 96 1504 176 0 10000
r 1312 96 1312 176 0 10000
w 1024 448 1248 448 0
r 112 304 112 368 0 10000
w 112 368 48 368 0
d 656 320 704 320 2 1N4148
d 1024 320 1072 320 2 1N4148
d 1408 320 1456 320 2 1N4148
w 304 288 352 288 0
w 352 288 352 304 0
w 688 288 736 288 0
w 736 288 736 304 0
w 1056 288 1104 288 0
w 1104 288 1104 304 0
w 1440 288 1488 288 0
w 1488 288 1488 304 0
