$ 1 0.000005 0.010109782498721881 70 5 43 5e-11
v 0 272 0 96 0 0 40 12 0 0 0.5
r 176 96 176 176 0 10000
r 368 96 368 176 0 10000
t 208 240 176 240 0 1 -10.421337741261427 0.07169838683754452 100 default
t 336 240 368 240 0 1 0.5318830274977454 0.6035804038553241 100 default
r 240 208 176 208 0 100000
r 368 208 304 208 0 100000
w 176 208 176 224 0
w 176 208 176 176 0
w 368 176 368 208 0
w 368 208 368 224 0
w 240 240 304 208 0
w 304 240 240 208 0
w 176 96 368 96 0
w 368 256 368 272 0
w 368 272 176 272 0
w 176 272 176 256 0
w 0 272 176 272 0
t 208 320 240 320 0 1 -0.05370505786804873 0.017993328969495792 100 default
t 320 320 352 320 0 1 -0.5857685522799931 0.01781185157533089 100 default
g 240 336 240 352 0 0
g 352 336 352 352 0 0
r 208 320 208 448 0 100000
w 0 96 48 96 0
r 272 320 272 448 0 100000
w 208 448 272 448 0
w 208 448 48 448 0
w 48 96 48 368 0
t 144 336 176 336 0 1 -0.01799332215760058 6.811895211819706e-9 100 default
w 176 320 208 320 0
g 176 352 176 368 0 0
d 224 288 144 288 2 1N4148
w 224 288 272 288 0
r 144 288 144 336 0 100000
w 144 288 128 288 0
s 64 304 112 304 0 0 false
g 64 304 64 320 0 0
g 0 272 0 288 0 0
w 112 304 112 288 0
w 112 288 128 288 0
w 272 320 272 288 0
d 272 320 320 320 2 1N4148
162 128 160 128 208 2 default-led 1 0 0 0.01
r 128 160 128 96 0 5000
w 48 96 128 96 0
w 128 96 176 96 0
w 128 208 176 208 0
w 240 304 240 240 0
w 240 240 208 240 0
w 304 288 304 240 0
w 304 240 336 240 0
w 688 240 720 240 0
w 688 288 688 240 0
w 624 240 592 240 0
w 624 304 624 240 0
w 512 208 560 208 0
w 512 96 560 96 0
w 432 96 512 96 0
r 512 160 512 96 0 5000
162 512 160 512 208 2 default-led 1 0 0 0.01
w 656 320 656 288 0
r 496 304 496 368 0 10000
w 496 288 512 288 0
w 496 304 496 288 0
g 448 304 448 320 0 0
s 448 304 496 304 0 0 false
w 528 288 512 288 0
w 432 368 496 368 0
r 528 288 528 336 0 100000
w 608 288 656 288 0
d 608 288 528 288 2 1N4148
g 560 352 560 368 0 0
w 560 320 592 320 0
t 528 336 560 336 0 1 -0.017993322157600578 6.811895211819703e-9 100 default
w 432 96 432 368 0
w 592 448 656 448 0
r 656 320 656 448 0 100000
w 368 96 432 96 0
r 592 320 592 448 0 100000
g 736 336 736 352 0 0
g 624 336 624 352 0 0
t 704 320 736 320 0 1 -0.5857685522953516 0.017811851559964096 100 default
t 592 320 624 320 0 1 -0.05370505786810935 0.01799332896949579 100 default
w 368 272 560 272 0
w 560 272 560 256 0
w 752 272 560 272 0
w 752 256 752 272 0
w 560 96 752 96 0
w 688 240 624 208 0
w 624 240 688 208 0
w 752 208 752 224 0
w 752 176 752 208 0
w 560 208 560 176 0
w 560 208 560 224 0
r 752 208 688 208 0 100000
r 624 208 560 208 0 100000
t 720 240 752 240 0 1 0.5318830274976771 0.6035804038553158 100 default
t 592 240 560 240 0 1 -10.421337741238796 0.07169838683760514 100 default
r 752 96 752 176 0 10000
r 560 96 560 176 0 10000
w 592 448 272 448 0
w 1056 240 1088 240 0
w 1056 288 1056 240 0
w 992 240 960 240 0
w 992 304 992 240 0
w 880 208 928 208 0
w 880 96 928 96 0
w 800 96 880 96 0
r 880 160 880 96 0 5000
162 880 160 880 208 2 default-led 1 0 0 0.01
w 1024 320 1024 288 0
r 864 304 864 368 0 10000
w 864 288 880 288 0
w 864 304 864 288 0
g 816 304 816 320 0 0
s 816 304 864 304 0 0 false
w 896 288 880 288 0
w 800 368 864 368 0
r 896 288 896 336 0 100000
w 976 288 1024 288 0
d 976 288 896 288 2 1N4148
g 928 352 928 368 0 0
w 928 320 960 320 0
t 896 336 928 336 0 1 -0.017993322157600574 6.811895211819703e-9 100 default
w 800 96 800 368 0
w 960 448 1024 448 0
r 1024 320 1024 448 0 100000
w 752 96 800 96 0
r 960 320 960 448 0 100000
g 1104 336 1104 352 0 0
g 992 336 992 352 0 0
t 1072 320 1104 320 0 1 -0.5857685522975267 0.017811851557803727 100 default
t 960 320 992 320 0 1 -0.0537050578680067 0.017993328969495785 100 default
w 752 272 928 272 0
w 928 272 928 256 0
w 1120 272 928 272 0
w 1120 256 1120 272 0
w 928 96 1120 96 0
w 1056 240 992 208 0
w 992 240 1056 208 0
w 1120 208 1120 224 0
w 1120 176 1120 208 0
w 928 208 928 176 0
w 928 208 928 224 0
r 1120 208 1056 208 0 100000
r 992 208 928 208 0 100000
t 1088 240 1120 240 0 1 0.5318830274977945 0.6035804038553304 100 default
t 960 240 928 240 0 1 -10.421337741278514 0.07169838683750249 100 default
r 1120 96 1120 176 0 10000
r 928 96 928 176 0 10000
w 960 448 656 448 0
w 1440 240 1472 240 0
w 1440 288 1440 240 0
w 1376 240 1344 240 0
w 1376 304 1376 240 0
w 1264 208 1312 208 0
w 1264 96 1312 96 0
w 1184 96 1264 96 0
r 1264 160 1264 96 0 5000
162 1264 160 1264 208 2 default-led 1 0 0 0.01
w 1408 320 1408 288 0
r 1248 304 1248 368 0 10000
w 1248 288 1264 288 0
w 1248 304 1248 288 0
g 1200 304 1200 320 0 0
s 1200 304 1248 304 0 0 false
w 1280 288 1264 288 0
w 1184 368 1248 368 0
r 1280 288 1280 336 0 100000
w 1360 288 1408 288 0
d 1360 288 1280 288 2 1N4148
g 1312 352 1312 368 0 0
w 1312 320 1344 320 0
t 1280 336 1312 336 0 1 -0.01799332215760058 6.811895211819705e-9 100 default
w 1184 96 1184 368 0
w 1344 448 1408 448 0
r 1408 320 1408 448 0 100000
w 1120 96 1184 96 0
r 1344 320 1344 448 0 100000
g 1488 336 1488 352 0 0
g 1376 336 1376 352 0 0
t 1456 320 1488 320 0 1 -0.5857685522663063 0.017811851589001854 100 default
t 1344 320 1376 320 0 1 -0.053705057868159115 0.017993328969495792 100 default
w 1120 272 1312 272 0
w 1312 272 1312 256 0
w 1504 272 1312 272 0
w 1504 256 1504 272 0
w 1312 96 1504 96 0
w 1440 240 1376 208 0
w 1376 240 1440 208 0
w 1504 208 1504 224 0
w 1504 176 1504 208 0
w 1312 208 1312 176 0
w 1312 208 1312 224 0
r 1504 208 1440 208 0 100000
r 1376 208 1312 208 0 100000
t 1472 240 1504 240 0 1 0.5318830274976198 0.6035804038553082 100 default
t 1344 240 1312 240 0 1 -10.421337741219249 0.0716983868376549 100 default
r 1504 96 1504 176 0 10000
r 1312 96 1312 176 0 10000
w 1024 448 1344 448 0
r 112 304 112 368 0 10000
w 112 368 48 368 0
d 656 320 704 320 2 1N4148
d 1024 320 1072 320 2 1N4148
d 1408 320 1456 320 2 1N4148
w 304 288 352 288 0
w 352 288 352 304 0
w 688 288 736 288 0
w 736 288 736 304 0
w 1056 288 1104 288 0
w 1104 288 1104 304 0
w 1440 288 1488 288 0
w 1488 288 1488 304 0
w 160 0 160 -48 0
w 96 -96 176 -96 0
w 96 -48 96 -96 0
r 208 -48 160 -48 0 100000
w 208 0 272 0 0
g 240 -32 240 -16 0 0
w 176 -96 176 -240 0
w 240 -64 240 -96 0
r 240 -96 176 -96 0 100000
s 96 -48 160 -48 0 0 false
r 208 0 160 0 0 100000
w 176 -240 224 -240 0
t 208 -48 240 -48 0 1 0.5386848652711682 0.5677758320918036 100 default
w 304 -48 304 -16 0
t 272 0 304 0 0 1 0.5380049788600286 0.5829510580052234 100 default
g 272 -48 272 -32 0 0
t 240 -64 272 -64 0 1 -0.042606226074473334 0.029090966820635437 100 default
w 752 -48 976 -48 0
r 1088 -208 1088 -176 0 1000
w 1088 -176 1040 -176 0
w 1120 -176 1088 -176 0
w 1088 -240 1120 -240 0
162 1088 -240 1088 -208 2 default-led 1 0 0 0.01
w 1088 -240 896 -240 0
w 976 -144 1040 16 0
w 1136 16 1056 -144 0
r 1120 -176 1120 -240 0 10000
d 976 -144 976 -48 2 1N4148
w 832 -80 1056 -80 0
g 1120 -128 1120 -112 0 0
g 1040 -128 1040 -112 0 0
d 1056 -144 1056 -80 2 1N4148
d 1056 -144 1088 -144 2 1N4148
d 976 -144 1008 -144 2 1N4148
w 1040 -160 1040 -176 0
w 1120 -160 1120 -176 0
t 1008 -144 1040 -144 0 1 -11.53047236557409 0.4425568322772775 100 default
t 1088 -144 1120 -144 0 1 -11.90119467945181 0.07183451839955712 100 default
w 528 -48 752 -48 0
r 864 -208 864 -176 0 1000
w 864 -176 816 -176 0
w 896 -176 864 -176 0
w 864 -240 896 -240 0
162 864 -240 864 -208 2 default-led 1 0 0 0.01
w 864 -240 672 -240 0
w 752 -144 816 16 0
w 896 16 832 -144 0
r 896 -176 896 -240 0 10000
d 752 -144 752 -48 2 1N4148
w 608 -80 832 -80 0
g 896 -128 896 -112 0 0
g 816 -128 816 -112 0 0
d 832 -144 832 -80 2 1N4148
d 832 -144 864 -144 2 1N4148
d 752 -144 784 -144 2 1N4148
w 816 -160 816 -176 0
w 896 -160 896 -176 0
t 784 -144 816 -144 0 1 -11.53047236588428 0.44255683212534785 100 default
t 864 -144 896 -144 0 1 -11.901194679593127 0.07183451841650232 100 default
t 640 -144 672 -144 0 1 -11.90119467867154 0.07183451846685507 100 default
t 560 -144 592 -144 0 1 -11.530472364737129 0.4425568324012663 100 default
w 672 -160 672 -176 0
w 592 -160 592 -176 0
d 528 -144 560 -144 2 1N4148
d 608 -144 640 -144 2 1N4148
d 608 -144 608 -80 2 1N4148
g 592 -128 592 -112 0 0
g 672 -128 672 -112 0 0
w 384 -80 608 -80 0
d 528 -144 528 -48 2 1N4148
r 672 -176 672 -240 0 10000
w 672 16 608 -144 0
w 528 -144 576 16 0
w 640 -240 448 -240 0
162 640 -240 640 -208 2 default-led 1 0 0 0.01
w 640 -240 672 -240 0
w 672 -176 640 -176 0
w 640 -176 592 -176 0
r 640 -208 640 -176 0 1000
r 416 -208 416 -176 0 1000
w 416 -176 368 -176 0
w 448 -176 416 -176 0
w 416 -240 448 -240 0
162 416 -240 416 -208 2 default-led 1 0 0 0.01
w 416 -240 224 -240 0
w 304 -144 368 16 0
w 448 16 384 -144 0
r 448 -176 448 -240 0 10000
w 304 -48 528 -48 0
d 304 -144 304 -48 2 1N4148
g 224 -144 224 -128 0 0
v 224 -144 224 -240 0 0 40 12 0 0 0.5
w 272 -80 384 -80 0
g 448 -128 448 -112 0 0
g 368 -128 368 -112 0 0
d 384 -144 384 -80 2 1N4148
d 384 -144 416 -144 2 1N4148
d 304 -144 336 -144 2 1N4148
w 368 -160 368 -176 0
w 448 -160 448 -176 0
t 336 -144 368 -144 0 1 -11.530472366025435 0.4425568320562251 100 default
t 416 -144 448 -144 0 1 -11.901194679767144 0.07183451831451543 100 default
g 304 16 304 32 0 0
r 368 16 176 208 0 100000
r 448 16 368 208 0 100000
r 576 16 560 176 0 100000
r 672 16 752 176 0 100000
r 816 16 928 176 0 100000
r 896 16 1120 176 0 100000
r 1040 16 1312 176 0 100000
r 1136 16 1504 176 0 100000
t 0 384 48 384 0 1 -11.326286194464416 0.46548051053132566 100 default
t 0 464 48 464 0 1 0.6025515367225163 0.6205448653176548 100 default
d 48 400 48 448 2 default
g 48 480 48 496 0 0
t -48 448 0 448 0 1 0.5532639271423146 0.6064328673602439 100 default
w 0 432 0 384 0
r 0 384 -80 384 0 10000
r 0 464 0 512 0 100000
g 0 512 0 528 0 0
w -80 384 -80 96 0
w -80 96 0 96 0
t -224 464 -176 464 0 1 0.5363574424605624 0.5361000778293443 100 default
t -224 496 -176 496 0 1 -1.227234964585621 1.3272349581269787e-7 100 default
t -224 528 -176 528 0 1 0.5392763592538184 0.5392763592538184 100 default
g -176 544 -176 576 0 0
w -48 448 -176 448 0
r -176 448 -176 384 0 100000
w -176 384 -80 384 0
r -432 496 -224 496 0 100000
r -432 400 -432 496 0 100000
r -400 384 -400 256 0 100000
r -368 368 -368 256 0 100000
r -336 352 -336 256 0 100000
r -304 336 -304 256 0 100000
w -480 256 -528 256 0
w -400 256 -480 256 0
g -528 496 -528 512 0 0
g -272 352 -272 368 0 0
g -304 368 -304 384 0 0
g -336 384 -336 400 0 0
g -368 400 -368 416 0 0
g -400 416 -400 432 0 0
v -528 496 -528 256 0 0 40 12 0 0 0.5
w -368 256 -400 256 0
w -336 256 -368 256 0
w -304 256 -336 256 0
w -272 256 -304 256 0
r -272 320 -272 256 0 100000
t -304 336 -272 336 0 1 -1.7342442080657854 0.029090967072675757 100 default
t -336 352 -304 352 0 1 0.5386848649212331 0.5677758319939089 100 default
t -368 368 -336 368 0 1 -0.5386848650270378 0.029090966966871027 100 default
t -400 384 -368 384 0 1 0.5386848649649972 0.5677758319318683 100 default
t -432 400 -400 400 0 1 -0.5677757651542922 6.677757619047393e-8 100 default
r -224 528 -224 624 0 100000
w -80 384 -80 624 0
s -224 624 -80 624 0 0 false
w -224 320 -224 464 0
g -176 512 -160 512 0 0
w -272 320 -224 320 0
v -528 496 -432 496 0 0 40 0 0 0 0.5
o 26 1 0 4107 0.078125 0.00009765625 0 2 26 3
38 374 F1 0 0 20 -1 Voltage
