$ 1 0.000005 10.20027730826997 59 5 43 5e-11
t 336 256 368 256 0 1 -0.5982225864852988 0.02522061375236495 100 default
t 304 256 272 256 0 1 0.5982225864852988 0.6234432002376638 100 default
w 304 256 368 224 0
w 336 256 272 224 0
w 272 224 272 240 0
w 368 224 368 240 0
r 368 224 368 176 0 10000
r 272 224 272 176 0 10000
t 224 256 272 256 0 1 0.5874255049888709 0.6126461187412359 100 default
t 400 256 368 256 0 1 -0.5806422547904194 0.04280094544724432 100 default
g 272 272 272 288 0 0
g 368 272 368 288 0 0
t 256 336 224 336 0 1 -0.6126461187412359 0 100 default
t 368 336 400 336 0 1 -0.04280094544724432 0 100 default
w 400 320 400 256 0
g 224 352 224 368 0 0
g 400 352 400 368 0 0
w 320 336 256 336 0
w 320 336 368 336 0
w 320 336 320 368 0
t 432 336 464 336 0 1 0.5698451732939915 0.6126461187412359 100 default
g 464 352 464 368 0 0
w 464 320 464 256 0
w 464 256 400 256 0
w 432 336 352 304 0
w 352 304 224 304 0
w 224 304 224 256 0
w 224 304 224 320 0
r 464 256 464 176 0 10000
r 224 256 224 176 0 10000
w 224 176 272 176 0
w 272 176 368 176 0
w 368 176 464 176 0
v 16 288 16 176 0 0 40 12 0 0 0.5
g 16 288 16 304 0 0
w 320 368 320 416 0
s 272 416 320 416 0 0 false
g 272 416 272 432 0 0
w 16 176 -64 176 0
w -64 176 -64 480 0
w -64 480 320 480 0
r 320 480 320 416 0 10000
t 480 256 528 256 0 1 -11.376556603630029 -3.298561529287277 100 default
g 528 304 528 320 0 0
r 528 176 464 176 0 1000
162 528 176 528 240 2 default-led 1 0 0 0.01
t 128 272 176 272 0 1 -0.6126461187412359 0 100 default
g 176 288 176 304 0 0
w 224 256 176 256 0
r 80 272 80 176 0 10000
w 16 176 80 176 0
w 80 176 224 176 0
w 128 272 80 272 0
s 80 272 80 320 0 0 false
g 80 320 80 336 0 0
w 480 256 480 240 0
w 480 240 400 240 0
w 400 240 368 224 0
t 496 288 528 288 0 1 -3.9220047295249407 0 100 default
w 496 288 496 480 0
r 496 480 320 480 0 10000
s 496 480 560 480 0 0 false
g 560 480 560 496 0 0
r 528 240 624 176 0 10000
w 624 176 576 144 0
w 576 144 464 176 0
