$ 1 0.000005 0.48711659992454737 52 5 43 5e-11
v 0 272 0 96 0 0 40 12 0 0 0.5
r 176 96 176 176 0 10000
r 368 96 368 176 0 10000
t 208 240 176 240 0 1 -10.901554353824888 0.0893666046321665 100 default
t 336 240 368 240 0 1 0.529836905450025 0.6192024578863125 100 default
r 240 208 176 208 0 100000
r 368 208 304 208 0 100000
w 176 208 176 224 0
w 176 208 176 176 0
w 368 176 368 208 0
w 368 208 368 224 0
w 240 240 304 208 0
w 304 240 240 208 0
w 176 96 368 96 0
w 368 256 368 272 0
w 368 272 176 272 0
w 176 272 176 256 0
w 0 272 176 272 0
t 208 320 240 320 0 1 -0.07145944107455912 0.017907163557607374 100 default
t 272 320 304 320 0 1 -0.6174877454291878 0.0017144933470169897 100 default
g 240 336 240 352 0 0
g 352 336 352 352 0 0
r 208 320 208 448 0 100000
s 48 448 112 448 0 1 false
w 0 96 48 96 0
r 272 320 272 448 0 100000
w 208 448 272 448 0
w 208 448 112 448 0
w 48 96 48 368 0
t 144 336 176 336 0 1 0.536522425760351 0.5544295893179584 100 default
w 176 320 208 320 0
g 176 352 176 368 0 0
d 224 288 144 288 2 1N4148
w 224 288 272 288 0
r 144 288 144 336 0 100000
w 144 288 128 288 0
s 64 304 112 304 0 1 false
g 64 304 64 320 0 0
g 0 272 0 288 0 0
w 112 304 112 288 0
w 112 288 128 288 0
w 48 448 48 368 0
r 112 448 112 400 0 10000
g 160 400 160 416 0 0
w 160 400 112 400 0
w 272 320 272 288 0
d 304 336 352 336 2 default
162 128 160 128 208 2 default-led 1 0 0 0.01
r 128 160 128 96 0 5000
w 48 96 128 96 0
w 128 96 176 96 0
w 128 208 176 208 0
w 240 304 240 240 0
w 240 240 208 240 0
w 304 304 304 240 0
w 304 240 336 240 0
t 144 32 176 32 0 1 0.5984031088838123 0.616344896373285 100 default
w 176 16 288 16 0
w 176 -48 176 -96 0
w 0 -96 0 96 0
t 144 -32 176 -32 0 1 -11.455033417161612 0.4206626120320434 100 default
d 176 -16 176 16 2 default
w 112 -32 144 -32 0
t 112 48 144 48 0 1 -0.5269792843945128 0.08936561197877223 100 default
w 176 48 176 64 0
w 176 64 144 64 0
g 176 64 208 64 0 0
w 144 -96 176 -96 0
r 64 48 112 48 0 100000
w 64 48 64 -32 0
d 112 -32 64 -32 2 default
r 144 0 96 0 0 10000
w 96 0 96 -64 0
w 144 0 144 32 0
r 144 -64 96 -64 0 10000
w 144 -64 144 -32 0
w 96 -64 96 -128 0
s 16 -128 96 -128 0 0 false
w 0 -96 16 -96 0
w 16 -96 16 -128 0
w 16 -96 144 -96 0
w 64 48 64 80 0
w 64 80 224 80 0
w 224 80 224 176 0
w 224 176 368 176 0
w 608 176 752 176 0
w 608 80 608 176 0
w 448 80 608 80 0
w 448 48 448 80 0
w 176 -96 560 -96 0
w 480 -64 480 -128 0
w 528 -64 528 -32 0
r 528 -64 480 -64 0 10000
w 528 0 528 32 0
w 480 0 480 -64 0
r 528 0 480 0 0 10000
d 496 -32 448 -32 2 default
w 448 48 448 -32 0
r 448 48 496 48 0 100000
g 560 64 592 64 0 0
w 560 64 528 64 0
w 560 48 560 64 0
t 496 48 528 48 0 1 -0.5269792843945259 0.08936561197875924 100 default
w 496 -32 528 -32 0
d 560 -16 560 16 2 default
t 528 -32 560 -32 0 1 -11.455033417161625 0.42066261203203903 100 default
w 560 -48 560 -96 0
w 560 16 672 16 0
t 528 32 560 32 0 1 0.5984031088838124 0.6163448963732852 100 default
w 688 240 720 240 0
w 688 304 688 240 0
w 624 240 592 240 0
w 624 304 624 240 0
w 512 208 560 208 0
w 512 96 560 96 0
w 432 96 512 96 0
r 512 160 512 96 0 5000
162 512 160 512 208 2 default-led 1 0 0 0.01
d 688 336 736 336 2 default
w 656 320 656 288 0
w 544 400 496 400 0
g 544 400 544 416 0 0
r 496 448 496 400 0 10000
r 496 304 496 368 0 10000
w 496 288 512 288 0
w 496 304 496 288 0
g 448 304 448 320 0 0
s 448 304 496 304 0 0 false
w 528 288 512 288 0
w 432 368 496 368 0
r 528 288 528 336 0 100000
w 608 288 656 288 0
d 608 288 528 288 2 1N4148
g 560 352 560 368 0 0
w 560 320 592 320 0
t 528 336 560 336 0 1 -0.001279457355697226 6.105776550493805e-10 100 default
w 432 96 432 368 0
w 592 448 496 448 0
w 592 448 656 448 0
r 656 320 656 448 0 100000
w 368 96 432 96 0
r 592 320 592 448 0 100000
g 736 336 736 352 0 0
g 624 336 624 352 0 0
t 656 320 688 320 0 1 -0.617934285814896 0.0012679535208386821 100 default
t 592 320 624 320 0 1 -0.08808715388108854 0.001279457966274881 100 default
w 368 272 560 272 0
w 560 272 560 256 0
w 752 272 560 272 0
w 752 256 752 272 0
w 560 96 752 96 0
w 688 240 624 208 0
w 624 240 688 208 0
w 752 208 752 224 0
w 752 176 752 208 0
w 560 208 560 176 0
w 560 208 560 224 0
r 752 208 688 208 0 100000
r 624 208 560 208 0 100000
t 720 240 752 240 0 1 0.5298369054508373 0.6192024578871119 100 default
t 592 240 560 240 0 1 -10.901554346796482 0.08936661184736341 100 default
r 752 96 752 176 0 10000
r 560 96 560 176 0 10000
w 480 -128 96 -128 0
w 496 448 272 448 0
w 976 176 1120 176 0
w 976 80 976 176 0
w 816 80 976 80 0
w 816 48 816 80 0
w 848 -64 848 -128 0
w 896 -64 896 -32 0
r 896 -64 848 -64 0 10000
w 896 0 896 32 0
w 848 0 848 -64 0
r 896 0 848 0 0 10000
d 864 -32 816 -32 2 default
w 816 48 816 -32 0
r 816 48 864 48 0 100000
w 560 -96 928 -96 0
g 928 64 960 64 0 0
w 928 64 896 64 0
w 928 48 928 64 0
t 864 48 896 48 0 1 0.5318510748091356 0.6035763563300097 100 default
w 864 -32 896 -32 0
d 928 -16 928 16 2 default
t 896 -32 928 -32 0 1 -1.2287161422049628 0.648461165968131 100 default
w 928 -48 928 -96 0
w 928 16 1040 16 0
t 896 32 928 32 0 1 -9.496219886940887 0.07172528152087414 100 default
w 1056 240 1088 240 0
w 1056 304 1056 240 0
w 992 240 960 240 0
w 992 304 992 240 0
w 880 208 928 208 0
w 880 96 928 96 0
w 800 96 880 96 0
r 880 160 880 96 0 5000
162 880 160 880 208 2 default-led 1 0 0 0.01
d 1056 336 1104 336 2 default
w 1024 320 1024 288 0
w 912 400 864 400 0
g 912 400 912 416 0 0
r 864 448 864 400 0 10000
r 864 304 864 368 0 10000
w 864 288 880 288 0
w 864 304 864 288 0
g 816 304 816 320 0 0
s 816 304 864 304 0 1 false
w 896 288 880 288 0
w 800 368 864 368 0
r 896 288 896 336 0 100000
w 976 288 1024 288 0
d 976 288 896 288 2 1N4148
g 928 352 928 368 0 0
w 928 320 960 320 0
t 896 336 928 336 0 1 0.536522425758826 0.5544295893853606 100 default
w 800 96 800 368 0
w 960 448 864 448 0
w 960 448 1024 448 0
r 1024 320 1024 448 0 100000
w 752 96 800 96 0
r 960 320 960 448 0 100000
g 1104 336 1104 352 0 0
g 992 336 992 352 0 0
t 1024 320 1056 320 0 1 -0.10049903736340057 0.0017145980614287468 100 default
t 960 320 992 320 0 1 -0.6091011028373651 0.017907163626534505 100 default
w 752 272 928 272 0
w 928 272 928 256 0
w 1120 272 928 272 0
w 1120 256 1120 272 0
w 928 96 1120 96 0
w 1056 240 992 208 0
w 992 240 1056 208 0
w 1120 208 1120 224 0
w 1120 176 1120 208 0
w 928 208 928 176 0
w 928 208 928 224 0
r 1120 208 1056 208 0 100000
r 992 208 928 208 0 100000
t 1088 240 1120 240 0 1 -10.380078566904958 0.1022136979162829 100 default
t 960 240 928 240 0 1 0.5247955708043938 0.6270082664638996 100 default
r 1120 96 1120 176 0 10000
r 928 96 928 176 0 10000
w 848 -128 480 -128 0
w 864 448 656 448 0
w 1360 176 1504 176 0
w 1360 80 1360 176 0
w 1200 80 1360 80 0
w 1200 48 1200 80 0
w 1232 -64 1232 -128 0
w 1280 -64 1280 -32 0
r 1280 -64 1232 -64 0 10000
w 1280 0 1280 32 0
w 1232 0 1232 -64 0
r 1280 0 1232 0 0 10000
d 1248 -32 1200 -32 2 default
w 1200 48 1200 -32 0
r 1200 48 1248 48 0 100000
w 928 -96 1312 -96 0
g 1312 64 1344 64 0 0
w 1312 64 1280 64 0
w 1312 48 1312 64 0
t 1248 48 1280 48 0 1 0.5318510748092651 0.6035763563300262 100 default
w 1248 -32 1280 -32 0
d 1312 -16 1312 16 2 default
t 1280 -32 1312 -32 0 1 -1.2287161421552995 0.6484611659682589 100 default
w 1312 -48 1312 -96 0
w 1312 16 1424 16 0
t 1280 32 1312 32 0 1 -9.496219886990282 0.07172528152076113 100 default
w 1440 240 1472 240 0
w 1440 304 1440 240 0
w 1376 240 1344 240 0
w 1376 304 1376 240 0
w 1264 208 1312 208 0
w 1264 96 1312 96 0
w 1184 96 1264 96 0
r 1264 160 1264 96 0 5000
162 1264 160 1264 208 2 default-led 1 0 0 0.01
d 1440 336 1488 336 2 default
w 1408 320 1408 288 0
w 1296 400 1248 400 0
g 1296 400 1296 416 0 0
r 1248 448 1248 400 0 10000
r 1248 304 1248 368 0 10000
w 1248 288 1264 288 0
w 1248 304 1248 288 0
g 1200 304 1200 320 0 0
s 1200 304 1248 304 0 1 false
w 1280 288 1264 288 0
w 1184 368 1248 368 0
r 1280 288 1280 336 0 100000
w 1360 288 1408 288 0
d 1360 288 1280 288 2 1N4148
g 1312 352 1312 368 0 0
w 1312 320 1344 320 0
t 1280 336 1312 336 0 1 0.536522425758826 0.5544295893853605 100 default
w 1184 96 1184 368 0
w 1344 448 1248 448 0
w 1344 448 1408 448 0
r 1408 320 1408 448 0 100000
w 1120 96 1184 96 0
r 1344 320 1344 448 0 100000
g 1488 336 1488 352 0 0
g 1376 336 1376 352 0 0
t 1408 320 1440 320 0 1 -0.10049903736323948 0.0017145980614287526 100 default
t 1344 320 1376 320 0 1 -0.6091011028373737 0.01790716362653449 100 default
w 1120 272 1312 272 0
w 1312 272 1312 256 0
w 1504 272 1312 272 0
w 1504 256 1504 272 0
w 1312 96 1504 96 0
w 1440 240 1376 208 0
w 1376 240 1440 208 0
w 1504 208 1504 224 0
w 1504 176 1504 208 0
w 1312 208 1312 176 0
w 1312 208 1312 224 0
r 1504 208 1440 208 0 100000
r 1376 208 1312 208 0 100000
t 1472 240 1504 240 0 1 -10.380078566948848 0.10221369791612181 100 default
t 1344 240 1312 240 0 1 0.5247955708045634 0.6270082664639082 100 default
r 1504 96 1504 176 0 10000
r 1312 96 1312 176 0 10000
w 1232 -128 848 -128 0
w 1024 448 1248 448 0
162 288 16 336 16 2 default-led 1 0 0 0.01
162 672 16 720 16 2 default-led 1 0 0 0.01
162 1040 16 1088 16 2 default-led 1 0 0 0.01
162 1424 16 1472 16 2 default-led 1 0 0 0.01
r 1088 16 1088 -32 0 1000
r 720 16 720 -32 0 1000
r 336 16 336 -32 0 1000
r 1472 16 1472 -32 0 1000
g 336 -32 352 -32 0 0
g 720 -32 736 -32 0 0
g 1088 -32 1104 -32 0 0
g 1472 -32 1488 -32 0 0
r 112 304 112 368 0 10000
w 112 368 48 368 0
o 57 1 0 4107 0.01953125 0.00009765625 0 2 57 3
o 107 1 0 4107 0.01953125 0.00009765625 1 2 107 3
