$ 1 0.000005 10.20027730826997 59 5 43 5e-11
t 336 256 368 256 0 1 0.598253217526873 0.6223601459270898 100 default
t 304 256 272 256 0 1 -0.598253217526873 0.024106928400216766 100 default
w 304 256 368 224 0
w 336 256 272 224 0
w 272 224 272 240 0
w 368 224 368 240 0
r 368 224 368 176 0 10000
r 272 224 272 176 0 10000
t 240 256 272 256 0 1 -0.45764061518143323 0.16471953074565654 100 default
t 400 256 368 256 0 1 0.598253217529819 0.6223601459300357 100 default
g 272 272 272 288 0 0
g 368 272 368 288 0 0
g 416 336 416 352 0 0
t 384 320 416 320 0 1 -0.4576406151843792 0.16471953074565654 100 default
r 416 256 416 176 0 10000
r 224 256 224 176 0 10000
w 224 176 272 176 0
w 368 176 416 176 0
v 16 288 16 176 0 0 40 12 0 0 0.5
g 16 288 16 304 0 0
s 256 480 320 480 0 0 false
g 256 480 256 496 0 0
w 16 176 -64 176 0
w -64 176 -64 416 0
w -64 416 272 416 0
r 272 416 272 352 0 2200
t 480 224 528 224 0 1 -0.6031367714575733 0.024106928400216766 100 default
g 480 336 480 352 0 0
t 144 272 192 272 0 1 0.45190880350375867 0.6166283342494152 100 default
g 192 288 192 304 0 0
w 224 256 192 256 0
r 80 272 80 176 0 10000
w 16 176 80 176 0
w 80 176 224 176 0
s 80 304 80 352 0 1 false
g 80 352 80 368 0 0
t 448 320 480 320 0 1 -0.62724369985779 0 100 default
w 448 320 448 416 0
r 448 416 272 416 0 10000
s 384 480 448 480 0 0 false
g 384 480 384 496 0 0
t 384 304 384 272 0 1 -0.6223601459300357 0 100 default
t 256 304 256 272 1 1 -0.16471953074565654 0 100 default
w 400 256 400 272 0
w 240 256 240 272 0
w 240 256 224 256 0
w 256 304 320 304 0
w 320 304 384 304 0
w 400 256 416 256 0
w 416 256 416 304 0
w 384 320 224 320 0
w 224 320 224 256 0
w 368 224 480 224 0
w 272 176 320 176 0
w 320 176 368 176 0
w 320 352 320 304 0
w 320 480 320 352 0
w 320 352 272 352 0
w 448 480 448 416 0
w 80 272 80 304 0
d 80 272 144 272 2 default
d 144 304 80 304 2 default
d 144 240 192 240 2 default
w 192 240 192 256 0
w 144 240 144 272 0
w 144 272 144 304 0
g 528 240 528 256 0 0
w 480 208 528 208 0
g 976 384 976 400 0 0
w 976 272 928 272 0
r 976 352 976 272 0 10000
w 928 352 928 368 0
w 928 368 928 384 0
w 928 368 896 368 0
w 944 368 928 368 0
w 896 272 928 272 0
w 832 272 896 272 0
w 608 384 832 384 0
w 800 272 832 272 0
r 832 384 832 272 0 10000
r 800 400 800 272 0 10000
w 816 400 800 400 0
w 864 384 832 384 0
w 864 384 864 416 0
w 896 400 816 400 0
w 928 416 864 416 0
t 944 368 976 368 0 1 0.5955721873852068 0.6625760828977149 100 default
r 928 352 928 272 0 10000
t 896 400 928 400 0 1 -0.6334372865723639 -2.451083780385943e-11 100 default
t 864 384 896 384 0 1 -0.633437286547853 2.451083780385943e-11 100 default
s 704 416 768 416 0 1 false
g 704 416 704 432 0 0
w 976 352 1040 352 0
162 1040 272 1040 352 2 default-led 1 0 0 0.01
r 976 272 1040 272 0 1000
t 768 416 800 416 0 1 0.598104903577671 0.627243699903022 100 default
r 768 416 768 272 0 10000
w 768 272 800 272 0
g 800 432 800 448 0 0
t 528 208 576 208 0 1 0.5981049035079282 0.62724369985779 100 default
g 576 224 576 240 0 0
w 576 192 608 192 0
w 768 272 704 272 0
v 656 320 656 272 0 0 40 12 0 0 0.5
g 656 320 656 336 0 0
w 656 272 704 272 0
w 608 192 608 384 0
r 528 176 448 176 0 10000
w 448 176 416 176 0
w 480 256 480 208 0
w 480 256 480 304 0
w 528 176 528 208 0
